<?xml version="1.0" encoding="utf-8"?>
<COLLADA xmlns="http://www.collada.org/2005/11/COLLADASchema" version="1.4.1">
  <asset>
    <contributor>
      <author>Mixamo</author>
      <authoring_tool>COLLADA Mixamo exporter</authoring_tool>
      <comments/>
    </contributor>
    <created>2019-04-09T10:44:47Z</created>
    <modified>2019-04-09T10:44:47Z</modified>
    <revision/>
    <title/>
    <unit meter="0.010000"/>
    <up_axis>Y_UP</up_axis>
  </asset>
  <library_animations>
    <animation>
      <source id="swat_Hips-Matrix-animation-input">
        <float_array id="swat_Hips-Matrix-animation-input-array" count="461">

0.000000 0.033333 0.066667 0.100000 0.133333 0.166667 0.200000 0.233333 0.266667 0.300000 0.333333 0.366667 0.400000 0.433333 0.466667 0.500000
0.533333 0.566667 0.600000 0.633333 0.666667 0.700000 0.733333 0.766667 0.800000 0.833333 0.866667 0.900000 0.933333 0.966667 1.000000 1.033333
1.066667 1.100000 1.133333 1.166667 1.200000 1.233333 1.266667 1.300000 1.333333 1.366667 1.400000 1.433333 1.466667 1.500000 1.533333 1.566667
1.600000 1.633333 1.666667 1.700000 1.733333 1.766667 1.800000 1.833333 1.866667 1.900000 1.933333 1.966667 2.000000 2.033333 2.066667 2.100000
2.133333 2.166667 2.200000 2.233333 2.266667 2.300000 2.333333 2.366667 2.400000 2.433333 2.466667 2.500000 2.533333 2.566667 2.600000 2.633333
2.666667 2.700000 2.733333 2.766667 2.800000 2.833333 2.866667 2.900000 2.933333 2.966667 3.000000 3.033333 3.066667 3.100000 3.133333 3.166667
3.200000 3.233333 3.266667 3.300000 3.333333 3.366667 3.400000 3.433333 3.466667 3.500000 3.533333 3.566667 3.600000 3.633333 3.666667 3.700000
3.733333 3.766667 3.800000 3.833333 3.866667 3.900000 3.933333 3.966667 4.000000 4.033333 4.066667 4.100000 4.133333 4.166667 4.200000 4.233333
4.266667 4.300000 4.333333 4.366667 4.400000 4.433333 4.466667 4.500000 4.533333 4.566667 4.600000 4.633333 4.666667 4.700000 4.733333 4.766667
4.800000 4.833333 4.866667 4.900000 4.933333 4.966667 5.000000 5.033333 5.066667 5.100000 5.133333 5.166667 5.200000 5.233333 5.266667 5.300000
5.333333 5.366667 5.400000 5.433333 5.466667 5.500000 5.533333 5.566667 5.600000 5.633333 5.666667 5.700000 5.733333 5.766667 5.800000 5.833333
5.866667 5.900000 5.933333 5.966667 6.000000 6.033333 6.066667 6.100000 6.133333 6.166667 6.200000 6.233333 6.266667 6.300000 6.333333 6.366667
6.400000 6.433333 6.466667 6.500000 6.533333 6.566667 6.600000 6.633333 6.666667 6.700000 6.733333 6.766667 6.800000 6.833333 6.866667 6.900000
6.933333 6.966667 7.000000 7.033333 7.066667 7.100000 7.133333 7.166667 7.200000 7.233333 7.266667 7.300000 7.333333 7.366667 7.400000 7.433333
7.466667 7.500000 7.533333 7.566667 7.600000 7.633333 7.666667 7.700000 7.733333 7.766667 7.800000 7.833333 7.866667 7.900000 7.933333 7.966667
8.000000 8.033333 8.066667 8.100000 8.133333 8.166667 8.200000 8.233333 8.266667 8.300000 8.333333 8.366667 8.400000 8.433333 8.466667 8.500000
8.533333 8.566667 8.600000 8.633333 8.666667 8.700000 8.733333 8.766667 8.800000 8.833333 8.866667 8.900000 8.933333 8.966667 9.000000 9.033333
9.066667 9.100000 9.133333 9.166667 9.200000 9.233333 9.266667 9.300000 9.333333 9.366667 9.400000 9.433333 9.466667 9.500000 9.533333 9.566667
9.600000 9.633333 9.666667 9.700000 9.733333 9.766667 9.800000 9.833333 9.866667 9.900000 9.933333 9.966667 10.000000 10.033333 10.066667 10.100000
10.133333 10.166667 10.200000 10.233333 10.266667 10.300000 10.333333 10.366667 10.400000 10.433333 10.466667 10.500000 10.533333 10.566667 10.600000 10.633333
10.666667 10.700000 10.733333 10.766667 10.800000 10.833333 10.866667 10.900000 10.933333 10.966667 11.000000 11.033333 11.066667 11.100000 11.133333 11.166667
11.200000 11.233333 11.266667 11.300000 11.333333 11.366667 11.400000 11.433333 11.466667 11.500000 11.533333 11.566667 11.600000 11.633333 11.666667 11.700000
11.733333 11.766667 11.800000 11.833333 11.866667 11.900000 11.933333 11.966667 12.000000 12.033333 12.066667 12.100000 12.133333 12.166667 12.200000 12.233333
12.266667 12.300000 12.333333 12.366667 12.400000 12.433333 12.466667 12.500000 12.533333 12.566667 12.600000 12.633333 12.666667 12.700000 12.733333 12.766667
12.800000 12.833333 12.866667 12.900000 12.933333 12.966667 13.000000 13.033333 13.066667 13.100000 13.133333 13.166667 13.200000 13.233333 13.266667 13.300000
13.333333 13.366667 13.400000 13.433333 13.466667 13.500000 13.533333 13.566667 13.600000 13.633333 13.666667 13.700000 13.733333 13.766667 13.800000 13.833333
13.866667 13.900000 13.933333 13.966667 14.000000 14.033333 14.066667 14.100000 14.133333 14.166667 14.200000 14.233333 14.266667 14.300000 14.333333 14.366667
14.400000 14.433333 14.466667 14.500000 14.533333 14.566667 14.600000 14.633333 14.666667 14.700000 14.733333 14.766667 14.800000 14.833333 14.866667 14.900000
14.933333 14.966667 15.000000 15.033333 15.066667 15.100000 15.133333 15.166667 15.200000 15.233333 15.266667 15.300000 15.333333</float_array>
        <technique_common>
          <accessor source="#swat_Hips-Matrix-animation-input-array" count="461">
            <param name="TIME" type="float"/>
          </accessor>
        </technique_common>
      </source>
      <source id="swat_Hips-Matrix-animation-output-transform">
        <float_array id="swat_Hips-Matrix-animation-output-transform-array" count="7376">

0.994191 0.041115 -0.099467 -0.049943 -0.045727 0.997961 -0.044535 94.851830 0.097433 0.048824 0.994044 0.186380 0.000000 0.000000 0.000000 1.000000
0.994405 0.042354 -0.096775 0.091938 -0.046613 0.998022 -0.042181 94.866219 0.094797 0.046456 0.994412 0.303345 0.000000 0.000000 0.000000 1.000000
0.994861 0.041792 -0.092223 0.251593 -0.045612 0.998170 -0.039711 94.833755 0.090394 0.043713 0.994946 0.437447 0.000000 0.000000 0.000000 1.000000
0.995320 0.037711 -0.088971 0.430951 -0.041153 0.998461 -0.037177 94.735970 0.087432 0.040664 0.995340 0.591309 0.000000 0.000000 0.000000 1.000000
0.995027 0.032335 -0.094216 0.643144 -0.035216 0.998957 -0.029075 94.575714 0.093178 0.032248 0.995127 0.779425 0.000000 0.000000 0.000000 1.000000
0.994147 0.028389 -0.104242 0.851159 -0.029786 0.999486 -0.011870 94.333328 0.103851 0.014905 0.994481 0.953930 0.000000 0.000000 0.000000 1.000000
0.993306 0.026447 -0.112441 0.996440 -0.024850 0.999570 0.015585 93.952187 0.112805 -0.012687 0.993536 1.034120 0.000000 0.000000 0.000000 1.000000
0.993358 0.025377 -0.112233 1.021452 -0.019944 0.998586 0.049269 93.415146 0.113325 -0.046703 0.992460 0.947480 0.000000 0.000000 0.000000 1.000000
0.994424 0.023629 -0.102770 0.921451 -0.015010 0.996365 0.083850 92.756119 0.104378 -0.081840 0.991165 0.694828 0.000000 0.000000 0.000000 1.000000
0.995497 0.021079 -0.092417 0.747488 -0.010420 0.993388 0.114336 92.088394 0.094216 -0.112858 0.989134 0.367879 0.000000 0.000000 0.000000 1.000000
0.996189 0.020483 -0.084778 0.599758 -0.008823 0.990713 0.135684 91.643066 0.086770 -0.134419 0.987118 0.064843 0.000000 0.000000 0.000000 1.000000
0.996849 0.020633 -0.076597 0.521730 -0.009525 0.989728 0.142645 91.658447 0.078753 -0.141465 0.986806 -0.172713 0.000000 0.000000 0.000000 1.000000
0.997714 0.017844 -0.065181 0.521870 -0.009057 0.991117 0.132685 92.243141 0.066969 -0.131791 0.989013 -0.311202 0.000000 0.000000 0.000000 1.000000
0.998549 0.012555 -0.052370 0.580873 -0.006890 0.994238 0.106975 93.305305 0.053411 -0.106459 0.992882 -0.291708 0.000000 0.000000 0.000000 1.000000
0.998990 0.009118 -0.044003 0.680336 -0.005934 0.997390 0.071958 94.293007 0.044544 -0.071624 0.996437 -0.153658 0.000000 0.000000 0.000000 1.000000
0.998852 0.010333 -0.046776 0.798073 -0.008521 0.999212 0.038761 94.810532 0.047140 -0.038318 0.998153 -0.106886 0.000000 0.000000 0.000000 1.000000
0.997952 0.014164 -0.062372 0.901528 -0.013119 0.999767 0.017133 94.943466 0.062600 -0.016280 0.997906 -0.318093 0.000000 0.000000 0.000000 1.000000
0.996416 0.017409 -0.082776 0.959439 -0.016727 0.999820 0.008926 94.964523 0.082917 -0.007509 0.996528 -0.701137 0.000000 0.000000 0.000000 1.000000
0.995184 0.019287 -0.096106 0.990820 -0.018480 0.999786 0.009277 94.953140 0.096264 -0.007457 0.995328 -1.029578 0.000000 0.000000 0.000000 1.000000
0.995050 0.020616 -0.097218 1.023465 -0.019260 0.999704 0.014869 94.904877 0.097496 -0.012923 0.995152 -1.151808 0.000000 0.000000 0.000000 1.000000
0.995747 0.022134 -0.089437 1.062752 -0.019714 0.999418 0.027855 94.786888 0.090001 -0.025974 0.995603 -1.063868 0.000000 0.000000 0.000000 1.000000
0.996541 0.023910 -0.079586 1.102251 -0.019906 0.998514 0.050724 94.543259 0.080680 -0.048964 0.995537 -0.856717 0.000000 0.000000 0.000000 1.000000
0.996956 0.025941 -0.073528 1.135583 -0.020068 0.996632 0.079514 94.144447 0.075343 -0.077797 0.994118 -0.632221 0.000000 0.000000 0.000000 1.000000
0.996854 0.028555 -0.073935 1.168304 -0.020716 0.994288 0.104705 93.618057 0.076502 -0.102844 0.991751 -0.440159 0.000000 0.000000 0.000000 1.000000
0.996229 0.031765 -0.080739 1.213759 -0.021875 0.992467 0.120547 93.038551 0.083960 -0.118326 0.989419 -0.281091 0.000000 0.000000 0.000000 1.000000
0.995141 0.035057 -0.092007 1.257079 -0.022893 0.991239 0.130083 92.540009 0.095761 -0.127345 0.987225 -0.161441 0.000000 0.000000 0.000000 1.000000
0.993871 0.037537 -0.103982 1.290408 -0.022910 0.990105 0.138443 92.222145 0.108150 -0.135212 0.984897 -0.091244 0.000000 0.000000 0.000000 1.000000
0.992944 0.037925 -0.112357 1.322772 -0.021272 0.989076 0.145861 92.185593 0.116662 -0.142442 0.982904 -0.025344 0.000000 0.000000 0.000000 1.000000
0.992866 0.035121 -0.113945 1.357175 -0.018068 0.988916 0.147375 92.540520 0.117858 -0.144265 0.982495 0.112617 0.000000 0.000000 0.000000 1.000000
0.993842 0.030355 -0.106565 1.364299 -0.015897 0.990855 0.133990 93.326431 0.109657 -0.131471 0.985236 0.330683 0.000000 0.000000 0.000000 1.000000
0.995497 0.028042 -0.090555 1.332153 -0.019028 0.994914 0.098915 94.207100 0.092868 -0.096747 0.990967 0.490777 0.000000 0.000000 0.000000 1.000000
0.996897 0.031592 -0.072104 1.287688 -0.028077 0.998392 0.049247 94.724022 0.073543 -0.047070 0.996181 0.332852 0.000000 0.000000 0.000000 1.000000
0.997434 0.039002 -0.060028 1.197379 -0.038788 0.999236 0.004725 94.752487 0.060166 -0.002384 0.998186 -0.317423 0.000000 0.000000 0.000000 1.000000
0.997350 0.045660 -0.056641 1.071912 -0.046898 0.998685 -0.020729 94.697258 0.055620 0.023331 0.998179 -1.287083 0.000000 0.000000 0.000000 1.000000
0.997217 0.048167 -0.056909 0.913772 -0.049872 0.998336 -0.028941 94.712204 0.055421 0.031699 0.997960 -2.163445 0.000000 0.000000 0.000000 1.000000
0.997291 0.046425 -0.057061 0.758583 -0.048012 0.998488 -0.026754 94.788300 0.055733 0.029421 0.998012 -2.617412 0.000000 0.000000 0.000000 1.000000
0.997344 0.042532 -0.059121 0.619910 -0.043411 0.998964 -0.013669 94.861023 0.058478 0.016199 0.998157 -2.584749 0.000000 0.000000 0.000000 1.000000
0.996977 0.039549 -0.066881 0.452853 -0.038613 0.999138 0.015231 94.776413 0.067426 -0.012602 0.997645 -2.192556 0.000000 0.000000 0.000000 1.000000
0.996066 0.039439 -0.079355 0.190487 -0.034984 0.997775 0.056760 94.454628 0.081417 -0.053761 0.995229 -1.620000 0.000000 0.000000 0.000000 1.000000
0.995098 0.040428 -0.090249 -0.172925 -0.031606 0.994770 0.097123 93.885445 0.093704 -0.093794 0.991172 -1.005091 0.000000 0.000000 0.000000 1.000000
0.994707 0.039801 -0.094727 -0.590807 -0.027775 0.991763 0.125040 93.101654 0.098924 -0.121747 0.987619 -0.431493 0.000000 0.000000 0.000000 1.000000
0.994727 0.038991 -0.094860 -1.006094 -0.025383 0.989735 0.140641 92.219963 0.099370 -0.137491 0.985506 0.023792 0.000000 0.000000 0.000000 1.000000
0.994384 0.041703 -0.097274 -1.397765 -0.026879 0.988471 0.149005 91.451309 0.102366 -0.145553 0.984040 0.307502 0.000000 0.000000 0.000000 1.000000
0.993912 0.044406 -0.100831 -1.578347 -0.028775 0.988040 0.151487 91.164742 0.106352 -0.147663 0.983303 0.387738 0.000000 0.000000 0.000000 1.000000
0.992617 0.049655 -0.110658 -1.903442 -0.032357 0.987703 0.152954 90.905602 0.116892 -0.148244 0.982018 0.456019 0.000000 0.000000 0.000000 1.000000
0.991597 0.052110 -0.118407 -2.197378 -0.034014 0.988099 0.150010 91.141670 0.124815 -0.144722 0.981569 0.467291 0.000000 0.000000 0.000000 1.000000
0.992080 0.050798 -0.114875 -2.425188 -0.034531 0.989634 0.139402 91.891220 0.120766 -0.134332 0.983550 0.478383 0.000000 0.000000 0.000000 1.000000
0.994222 0.047443 -0.096285 -2.562819 -0.036074 0.992528 0.116559 92.962448 0.101096 -0.112413 0.988505 0.564526 0.000000 0.000000 0.000000 1.000000
0.996571 0.043784 -0.070204 -2.583491 -0.037948 0.995876 0.082407 93.925331 0.073522 -0.079460 0.994123 0.721722 0.000000 0.000000 0.000000 1.000000
0.997811 0.040095 -0.052585 -2.434216 -0.037638 0.998189 0.046921 94.424339 0.054371 -0.044839 0.997514 0.789943 0.000000 0.000000 0.000000 1.000000
0.997703 0.036286 -0.057197 -2.128017 -0.035026 0.999125 0.022871 94.519577 0.057976 -0.020816 0.998101 0.616061 0.000000 0.000000 0.000000 1.000000
0.995793 0.034444 -0.084915 -1.743622 -0.033310 0.999336 0.014735 94.481407 0.085366 -0.011844 0.996279 0.207790 0.000000 0.000000 0.000000 1.000000
0.991954 0.036816 -0.121127 -1.374021 -0.035389 0.999277 0.013914 94.488350 0.121552 -0.009515 0.992539 -0.294075 0.000000 0.000000 0.000000 1.000000
0.988163 0.041415 -0.147711 -1.062192 -0.040549 0.999138 0.008869 94.563599 0.147951 -0.002775 0.988991 -0.738032 0.000000 0.000000 0.000000 1.000000
0.986554 0.044546 -0.157245 -0.813930 -0.045050 0.998985 0.000357 94.645645 0.157101 0.006731 0.987560 -1.065145 0.000000 0.000000 0.000000 1.000000
0.987016 0.046669 -0.153690 -0.625603 -0.047305 0.998880 -0.000487 94.614716 0.153495 0.007751 0.988119 -1.311388 0.000000 0.000000 0.000000 1.000000
0.988301 0.050858 -0.143789 -0.500427 -0.049661 0.998695 0.011909 94.389023 0.144207 -0.004629 0.989537 -1.535329 0.000000 0.000000 0.000000 1.000000
0.989668 0.057966 -0.131135 -0.406879 -0.054418 0.998053 0.030481 93.899948 0.132647 -0.023030 0.990896 -1.770142 0.000000 0.000000 0.000000 1.000000
0.990721 0.065878 -0.118881 -0.282466 -0.060825 0.997104 0.045655 93.201431 0.121545 -0.038001 0.991858 -1.987970 0.000000 0.000000 0.000000 1.000000
0.991063 0.071624 -0.112538 -0.073870 -0.065609 0.996257 0.056275 92.443779 0.116147 -0.048388 0.992053 -2.124809 0.000000 0.000000 0.000000 1.000000
0.990811 0.072160 -0.114398 0.241441 -0.064921 0.995719 0.065793 91.816711 0.118656 -0.057761 0.991254 -2.131991 0.000000 0.000000 0.000000 1.000000
0.990783 0.066064 -0.118253 0.674795 -0.057458 0.995545 0.074764 91.521194 0.122666 -0.067280 0.990165 -1.977824 0.000000 0.000000 0.000000 1.000000
0.991973 0.052799 -0.114902 1.242916 -0.043543 0.995712 0.081625 91.686813 0.118719 -0.075966 0.990018 -1.635984 0.000000 0.000000 0.000000 1.000000
0.994141 0.032801 -0.102990 1.913143 -0.024093 0.996116 0.084689 92.335464 0.105368 -0.081712 0.991071 -1.105668 0.000000 0.000000 0.000000 1.000000
0.995760 0.009996 -0.091448 2.622183 -0.002495 0.996648 0.081766 93.207954 0.091959 -0.081191 0.992447 -0.466650 0.000000 0.000000 0.000000 1.000000
0.996022 -0.007910 -0.088751 3.284778 0.014309 0.997324 0.071699 93.983055 0.087946 -0.072683 0.993470 0.098871 0.000000 0.000000 0.000000 1.000000
0.995666 -0.015730 -0.091662 3.843320 0.020947 0.998198 0.056230 94.377907 0.090612 -0.057906 0.994201 0.374429 0.000000 0.000000 0.000000 1.000000
0.996164 -0.014701 -0.086261 4.217079 0.018142 0.999065 0.039245 94.445358 0.085603 -0.040659 0.995499 0.245291 0.000000 0.000000 0.000000 1.000000
0.998126 -0.011492 -0.060098 4.388911 0.012876 0.999660 0.022687 94.369156 0.059816 -0.023418 0.997935 -0.265727 0.000000 0.000000 0.000000 1.000000
0.999851 -0.011134 -0.013177 4.368965 0.011161 0.999936 0.001958 94.294327 0.013154 -0.002105 0.999911 -0.994510 0.000000 0.000000 0.000000 1.000000
0.998978 -0.009843 0.044121 4.102334 0.011113 0.999529 -0.028613 94.282677 -0.043819 0.029074 0.998616 -1.675563 0.000000 0.000000 0.000000 1.000000
0.994590 -0.000365 0.103874 3.511352 0.007090 0.997900 -0.064378 94.292267 -0.103633 0.064767 0.992505 -2.089430 0.000000 0.000000 0.000000 1.000000
0.985073 0.016163 0.171374 2.673996 -0.000130 0.995651 -0.093156 94.239594 -0.172135 0.091744 0.980792 -2.139054 0.000000 0.000000 0.000000 1.000000
0.964063 0.031808 0.263763 1.854837 -0.002988 0.994042 -0.108954 94.121307 -0.265658 0.104250 0.958414 -1.821233 0.000000 0.000000 0.000000 1.000000
0.917996 0.042415 0.394316 1.239848 0.002743 0.993562 -0.113259 93.922928 -0.396581 0.105053 0.911969 -1.167753 0.000000 0.000000 0.000000 1.000000
0.829635 0.049306 0.556125 0.814513 0.010305 0.994571 -0.103552 93.566200 -0.558212 0.091641 0.824622 -0.190072 0.000000 0.000000 0.000000 1.000000
0.691497 0.047675 0.720804 0.434749 0.007735 0.997274 -0.073382 92.869080 -0.722338 0.056319 0.689243 1.061755 0.000000 0.000000 0.000000 1.000000
0.516955 0.024853 0.855652 0.065597 -0.004957 0.999649 -0.026040 91.864052 -0.855998 0.009220 0.516897 2.401579 0.000000 0.000000 0.000000 1.000000
0.330974 -0.016358 0.943498 -0.052845 -0.012072 0.999695 0.021567 90.940231 -0.943563 -0.018528 0.330676 3.561999 0.000000 0.000000 0.000000 1.000000
0.153370 -0.050088 0.986899 0.330916 -0.002106 0.998696 0.051014 90.326645 -0.988167 -0.009902 0.153065 4.388978 0.000000 0.000000 0.000000 1.000000
-0.003166 -0.054141 0.998528 0.967733 0.014603 0.998424 0.054182 89.993401 -0.999888 0.014753 -0.002370 4.842684 0.000000 0.000000 0.000000 1.000000
-0.127113 -0.033140 0.991334 1.517119 0.019309 0.999170 0.035878 90.037514 -0.991700 0.023702 -0.126368 5.137510 0.000000 0.000000 0.000000 1.000000
-0.208436 -0.007525 0.978007 1.810383 0.006013 0.999942 0.008975 90.340706 -0.978018 0.007751 -0.208378 5.409193 0.000000 0.000000 0.000000 1.000000
-0.247259 0.009375 0.968904 1.928442 -0.017358 0.999750 -0.014104 90.844223 -0.968794 -0.020305 -0.247034 5.621250 0.000000 0.000000 0.000000 1.000000
-0.258755 0.015596 0.965817 1.834716 -0.039743 0.998851 -0.026777 91.352165 -0.965125 -0.045313 -0.257838 5.795340 0.000000 0.000000 0.000000 1.000000
-0.265601 0.013444 0.963989 1.458642 -0.054924 0.998068 -0.029053 91.611382 -0.962517 -0.060662 -0.264350 6.031034 0.000000 0.000000 0.000000 1.000000
-0.282130 0.007778 0.959345 0.953900 -0.062151 0.997718 -0.026367 91.654160 -0.957361 -0.067063 -0.281003 6.378191 0.000000 0.000000 0.000000 1.000000
-0.306914 0.004827 0.951725 0.570145 -0.063060 0.997687 -0.025396 91.645317 -0.949646 -0.067810 -0.305900 6.806043 0.000000 0.000000 0.000000 1.000000
-0.328048 0.006279 0.944640 0.405221 -0.059342 0.997866 -0.027241 91.621201 -0.942795 -0.064993 -0.326975 7.224448 0.000000 0.000000 0.000000 1.000000
-0.333232 0.006854 0.942820 0.339621 -0.052457 0.998290 -0.025798 91.497032 -0.941385 -0.058054 -0.332302 7.540709 0.000000 0.000000 0.000000 1.000000
-0.317172 0.000299 0.948368 0.240224 -0.043902 0.998923 -0.014997 91.223228 -0.947351 -0.046392 -0.316817 7.704293 0.000000 0.000000 0.000000 1.000000
-0.283620 -0.013423 0.958843 0.093896 -0.034142 0.999409 0.003892 90.840591 -0.958329 -0.031633 -0.283911 7.743474 0.000000 0.000000 0.000000 1.000000
-0.242577 -0.028079 0.969726 -0.077286 -0.021333 0.999494 0.023604 90.422737 -0.969898 -0.014962 -0.243053 7.768528 0.000000 0.000000 0.000000 1.000000
-0.205744 -0.037702 0.977879 -0.309305 -0.005398 0.999286 0.037392 90.001434 -0.978591 0.002415 -0.205801 7.879292 0.000000 0.000000 0.000000 1.000000
-0.181840 -0.040118 0.982509 -0.601617 0.009624 0.999047 0.042575 89.634453 -0.983281 0.017198 -0.181281 8.073469 0.000000 0.000000 0.000000 1.000000
-0.174899 -0.036012 0.983927 -0.851884 0.018324 0.999039 0.039822 89.461662 -0.984416 0.024994 -0.174071 8.285639 0.000000 0.000000 0.000000 1.000000
-0.184135 -0.027335 0.982521 -0.984787 0.016889 0.999378 0.030970 89.527924 -0.982756 0.022297 -0.183558 8.459987 0.000000 0.000000 0.000000 1.000000
-0.201809 -0.015574 0.979301 -0.940181 0.004436 0.999849 0.016815 89.759949 -0.979415 0.007738 -0.201709 8.588867 0.000000 0.000000 0.000000 1.000000
-0.211696 0.000545 0.977335 -0.576949 -0.014819 0.999883 -0.003767 90.151871 -0.977223 -0.015281 -0.211664 8.693194 0.000000 0.000000 0.000000 1.000000
-0.195252 0.022781 0.980489 0.135565 -0.034944 0.998934 -0.030168 90.730972 -0.980130 -0.040153 -0.194248 8.721998 0.000000 0.000000 0.000000 1.000000
-0.143657 0.047293 0.988497 0.671800 -0.049575 0.997259 -0.054917 91.005447 -0.988385 -0.056894 -0.140919 8.597012 0.000000 0.000000 0.000000 1.000000
-0.068276 0.062570 0.995702 1.165074 -0.058131 0.996086 -0.066580 91.109360 -0.995971 -0.062427 -0.064371 8.344546 0.000000 0.000000 0.000000 1.000000
0.004618 0.062248 0.998050 1.713623 -0.064458 0.996004 -0.061822 91.177673 -0.997910 -0.064047 0.008612 8.069568 0.000000 0.000000 0.000000 1.000000
0.052904 0.053239 0.997179 2.569773 -0.071242 0.996235 -0.049409 91.265762 -0.996055 -0.068427 0.056498 7.860904 0.000000 0.000000 0.000000 1.000000
0.073946 0.041250 0.996409 3.968177 -0.070723 0.996845 -0.036019 91.529701 -0.994751 -0.067805 0.076630 7.732328 0.000000 0.000000 0.000000 1.000000
0.081966 0.019605 0.996442 5.696421 -0.059236 0.998135 -0.014766 91.938812 -0.994873 -0.057815 0.082975 7.571287 0.000000 0.000000 0.000000 1.000000
0.096892 -0.024743 0.994987 7.301849 -0.033112 0.999057 0.028069 91.950409 -0.994744 -0.035666 0.095981 7.360402 0.000000 0.000000 0.000000 1.000000
0.124093 -0.092325 0.987966 8.623449 -0.006741 0.995561 0.093881 91.766792 -0.992248 -0.018309 0.122920 7.166825 0.000000 0.000000 0.000000 1.000000
0.155301 -0.164580 0.974061 9.662425 0.003176 0.986102 0.166108 92.069977 -0.987862 -0.022703 0.153665 6.990654 0.000000 0.000000 0.000000 1.000000
0.181247 -0.223775 0.957640 9.946019 -0.004634 0.973563 0.228372 92.247757 -0.983427 -0.045829 0.175418 6.921157 0.000000 0.000000 0.000000 1.000000
0.200159 -0.268559 0.942238 9.796624 -0.026473 0.959866 0.279207 92.121628 -0.979406 -0.080829 0.185016 6.856506 0.000000 0.000000 0.000000 1.000000
0.217807 -0.306998 0.926451 9.896479 -0.051415 0.944314 0.325005 91.629440 -0.974637 -0.118422 0.189894 6.803726 0.000000 0.000000 0.000000 1.000000
0.240698 -0.338501 0.909660 10.981821 -0.076878 0.927621 0.365527 91.136147 -0.967551 -0.157915 0.197253 6.764186 0.000000 0.000000 0.000000 1.000000
0.270845 -0.352209 0.895875 12.092487 -0.103299 0.914652 0.390821 91.375053 -0.957064 -0.198395 0.211346 6.634418 0.000000 0.000000 0.000000 1.000000
0.306912 -0.340437 0.888767 11.809519 -0.128263 0.910522 0.393062 92.529968 -0.943055 -0.234632 0.235785 6.294390 0.000000 0.000000 0.000000 1.000000
0.346580 -0.311671 0.884728 11.539246 -0.144004 0.914327 0.378510 93.743530 -0.926901 -0.258588 0.272005 5.934214 0.000000 0.000000 0.000000 1.000000
0.388127 -0.285124 0.876391 12.053337 -0.147007 0.919610 0.364289 94.668564 -0.909806 -0.270226 0.315010 5.657656 0.000000 0.000000 0.000000 1.000000
0.426857 -0.271376 0.862640 12.752092 -0.143038 0.921642 0.360716 95.267395 -0.892935 -0.277365 0.354592 5.400338 0.000000 0.000000 0.000000 1.000000
0.456398 -0.264934 0.849418 12.909475 -0.140258 0.921286 0.362711 95.578423 -0.878652 -0.284678 0.383314 5.140210 0.000000 0.000000 0.000000 1.000000
0.474701 -0.258394 0.841363 12.676476 -0.139169 0.921873 0.361639 95.677887 -0.869075 -0.288762 0.401653 4.966146 0.000000 0.000000 0.000000 1.000000
0.483683 -0.251559 0.838313 12.454468 -0.133985 0.925235 0.354948 95.579109 -0.864927 -0.284004 0.413816 4.942202 0.000000 0.000000 0.000000 1.000000
0.487883 -0.246539 0.837370 12.368951 -0.121383 0.930806 0.344771 95.309753 -0.864428 -0.269851 0.424198 5.002887 0.000000 0.000000 0.000000 1.000000
0.493300 -0.242604 0.835344 12.299649 -0.104493 0.936839 0.333787 94.981384 -0.863561 -0.251944 0.436792 5.028244 0.000000 0.000000 0.000000 1.000000
0.502499 -0.237890 0.831206 12.210338 -0.089217 0.942001 0.323535 94.718338 -0.859962 -0.236734 0.452131 4.973406 0.000000 0.000000 0.000000 1.000000
0.511232 -0.233916 0.826998 12.108357 -0.078593 0.945493 0.316016 94.483810 -0.855842 -0.226554 0.464982 4.878901 0.000000 0.000000 0.000000 1.000000
0.513751 -0.235278 0.825048 11.983848 -0.072299 0.946369 0.314895 94.169991 -0.854888 -0.221428 0.469187 4.821924 0.000000 0.000000 0.000000 1.000000
0.509979 -0.244649 0.824663 11.794726 -0.069947 0.943732 0.323228 93.768456 -0.857338 -0.222522 0.464171 4.861970 0.000000 0.000000 0.000000 1.000000
0.504436 -0.260730 0.823143 11.581414 -0.071187 0.937516 0.340582 93.378952 -0.860509 -0.230399 0.454357 5.003063 0.000000 0.000000 0.000000 1.000000
0.500227 -0.280615 0.819163 11.397501 -0.072692 0.929082 0.362660 93.142784 -0.862838 -0.240959 0.444354 5.181751 0.000000 0.000000 0.000000 1.000000
0.497896 -0.301518 0.813134 11.253055 -0.069081 0.920846 0.383758 93.178749 -0.864481 -0.247244 0.437656 5.322073 0.000000 0.000000 0.000000 1.000000
0.499204 -0.318986 0.805632 11.162779 -0.058646 0.915201 0.398709 93.509926 -0.864497 -0.246284 0.438165 5.410896 0.000000 0.000000 0.000000 1.000000
0.507237 -0.326279 0.797654 11.107326 -0.047169 0.913663 0.403727 94.087776 -0.860515 -0.242410 0.448053 5.490273 0.000000 0.000000 0.000000 1.000000
0.520937 -0.319761 0.791440 10.779552 -0.043908 0.915919 0.398954 94.669884 -0.852465 -0.242581 0.463096 5.591525 0.000000 0.000000 0.000000 1.000000
0.533586 -0.303497 0.789415 9.617833 -0.051744 0.919931 0.388651 95.091843 -0.844162 -0.248226 0.475158 5.690625 0.000000 0.000000 0.000000 1.000000
0.541790 -0.284979 0.790728 7.811940 -0.061692 0.924747 0.375550 95.325851 -0.838247 -0.252250 0.483437 5.787852 0.000000 0.000000 0.000000 1.000000
0.552996 -0.266115 0.789543 6.753591 -0.060063 0.932424 0.356341 95.389198 -0.831016 -0.244477 0.499643 6.004807 0.000000 0.000000 0.000000 1.000000
0.578367 -0.243987 0.778436 6.759231 -0.041807 0.944107 0.326976 95.146591 -0.814705 -0.221656 0.535840 6.412163 0.000000 0.000000 0.000000 1.000000
0.621078 -0.217889 0.752852 6.701360 -0.016311 0.956777 0.290365 94.523308 -0.783579 -0.192619 0.590680 6.935366 0.000000 0.000000 0.000000 1.000000
0.674520 -0.189129 0.713620 5.309051 0.001608 0.967002 0.254763 93.456497 -0.738255 -0.170695 0.652566 7.342800 0.000000 0.000000 0.000000 1.000000
0.729526 -0.155203 0.666111 2.566249 0.004269 0.974928 0.222481 92.239021 -0.683940 -0.159462 0.711897 7.347349 0.000000 0.000000 0.000000 1.000000
0.778672 -0.107296 0.618189 -0.763297 -0.008926 0.983276 0.181904 91.678452 -0.627368 -0.147162 0.764691 6.771531 0.000000 0.000000 0.000000 1.000000
0.816932 -0.038321 0.575459 -4.159348 -0.037012 0.992250 0.118619 91.473152 -0.575545 -0.118202 0.809182 5.814360 0.000000 0.000000 0.000000 1.000000
0.842492 0.046669 0.536683 -7.789979 -0.076978 0.996446 0.034191 91.139130 -0.533180 -0.070119 0.843091 4.826302 0.000000 0.000000 0.000000 1.000000
0.856097 0.135128 0.498838 -12.000170 -0.124527 0.990710 -0.054657 90.325691 -0.501589 -0.015327 0.864970 3.959308 0.000000 0.000000 0.000000 1.000000
0.859394 0.216410 0.463258 -16.463863 -0.174762 0.975773 -0.131627 89.201462 -0.480520 0.032159 0.876394 3.151127 0.000000 0.000000 0.000000 1.000000
0.855532 0.285144 0.432155 -20.545431 -0.223516 0.956300 -0.188495 88.192612 -0.467019 0.064670 0.881880 2.404938 0.000000 0.000000 0.000000 1.000000
0.848730 0.343435 0.402132 -23.679113 -0.271265 0.935494 -0.226420 87.530487 -0.453952 0.083085 0.887144 1.831424 0.000000 0.000000 0.000000 1.000000
0.840074 0.402354 0.363850 -25.621025 -0.324873 0.910297 -0.256547 87.230553 -0.434434 0.097314 0.895431 1.434874 0.000000 0.000000 0.000000 1.000000
0.826712 0.469772 0.309616 -26.658915 -0.388048 0.874557 -0.290807 86.988106 -0.407390 0.120268 0.905301 1.147355 0.000000 0.000000 0.000000 1.000000
0.810132 0.533432 0.243181 -27.335665 -0.449220 0.831374 -0.327138 86.406891 -0.376680 0.155784 0.913150 0.903462 0.000000 0.000000 0.000000 1.000000
0.799200 0.573176 0.180966 -27.601461 -0.491232 0.796352 -0.352866 85.755363 -0.346367 0.193114 0.918007 0.578034 0.000000 0.000000 0.000000 1.000000
0.798523 0.585546 0.139631 -27.425711 -0.509242 0.780789 -0.361995 85.450668 -0.320987 0.217956 0.921663 0.132106 0.000000 0.000000 0.000000 1.000000
0.803357 0.582243 0.124947 -27.036751 -0.509513 0.780666 -0.361880 85.421677 -0.308244 0.227057 0.923813 -0.301854 0.000000 0.000000 0.000000 1.000000
0.808192 0.574067 0.131424 -26.646484 -0.499968 0.786751 -0.362014 85.557968 -0.311218 0.226869 0.922862 -0.586124 0.000000 0.000000 0.000000 1.000000
0.812815 0.563511 0.147605 -26.389368 -0.485644 0.795452 -0.362500 85.794350 -0.321686 0.222962 0.920221 -0.687461 0.000000 0.000000 0.000000 1.000000
0.818775 0.549959 0.164781 -26.286514 -0.469777 0.806775 -0.358361 86.050797 -0.330026 0.216007 0.918926 -0.646068 0.000000 0.000000 0.000000 1.000000
0.824539 0.535310 0.183243 -26.298189 -0.454609 0.819598 -0.348696 86.256287 -0.336846 0.204209 0.919148 -0.508009 0.000000 0.000000 0.000000 1.000000
0.826788 0.523317 0.206301 -26.373358 -0.442508 0.831508 -0.335831 86.376770 -0.347286 0.186371 0.919053 -0.334749 0.000000 0.000000 0.000000 1.000000
0.825086 0.515865 0.230470 -26.470320 -0.436210 0.840851 -0.320455 86.333328 -0.359102 0.163869 0.918800 -0.183465 0.000000 0.000000 0.000000 1.000000
0.822538 0.512519 0.246484 -26.614119 -0.437136 0.847014 -0.302455 86.085175 -0.363790 0.141034 0.920742 -0.089459 0.000000 0.000000 0.000000 1.000000
0.821667 0.512763 0.248871 -26.780125 -0.443895 0.849585 -0.284892 85.787247 -0.357519 0.123614 0.925689 -0.050919 0.000000 0.000000 0.000000 1.000000
0.820667 0.517670 0.241917 -26.982222 -0.454026 0.847814 -0.273992 85.608643 -0.346938 0.115020 0.930808 -0.033057 0.000000 0.000000 0.000000 1.000000
0.814698 0.529781 0.235796 -27.230068 -0.466767 0.840391 -0.275447 85.649887 -0.344088 0.114344 0.931949 -0.018934 0.000000 0.000000 0.000000 1.000000
0.800811 0.550467 0.235984 -27.491661 -0.482321 0.826327 -0.290776 85.803970 -0.355062 0.119037 0.927233 -0.009426 0.000000 0.000000 0.000000 1.000000
0.782396 0.575828 0.237231 -27.686434 -0.498898 0.807512 -0.314684 85.779785 -0.372771 0.127853 0.919073 -0.003425 0.000000 0.000000 0.000000 1.000000
0.768624 0.596073 0.232195 -27.688686 -0.511775 0.790752 -0.335854 85.573219 -0.383802 0.139314 0.912846 -0.041275 0.000000 0.000000 0.000000 1.000000
0.767198 0.600257 0.226050 -27.511047 -0.513451 0.785960 -0.344434 85.441666 -0.384415 0.148184 0.911190 -0.198685 0.000000 0.000000 0.000000 1.000000
0.777895 0.583436 0.233415 -27.099806 -0.496946 0.798505 -0.339757 85.575386 -0.384609 0.148301 0.911089 -0.566346 0.000000 0.000000 0.000000 1.000000
0.795464 0.549069 0.256437 -26.285223 -0.462211 0.823390 -0.329226 86.026649 -0.391916 0.143360 0.908763 -1.177866 0.000000 0.000000 0.000000 1.000000
0.818105 0.505226 0.274682 -24.996965 -0.417921 0.850444 -0.319511 86.670311 -0.395027 0.146598 0.906897 -2.001675 0.000000 0.000000 0.000000 1.000000
0.849885 0.454934 0.265951 -23.256638 -0.371490 0.875180 -0.309928 87.480591 -0.373752 0.164605 0.912806 -2.985076 0.000000 0.000000 0.000000 1.000000
0.891205 0.391624 0.228877 -21.193047 -0.319779 0.900297 -0.295309 88.323120 -0.321707 0.189990 0.927582 -4.030490 0.000000 0.000000 0.000000 1.000000
0.934697 0.309539 0.174718 -18.861362 -0.255609 0.926922 -0.274736 89.078964 -0.246991 0.212136 0.945512 -4.995167 0.000000 0.000000 0.000000 1.000000
0.971256 0.212989 0.106293 -16.287987 -0.180393 0.949932 -0.255122 89.763512 -0.155310 0.228614 0.961049 -5.745815 0.000000 0.000000 0.000000 1.000000
0.993096 0.115481 0.020617 -13.604098 -0.106882 0.963186 -0.246676 90.459358 -0.048344 0.242769 0.968879 -6.216258 0.000000 0.000000 0.000000 1.000000
0.996675 0.031498 -0.075141 -11.082248 -0.049678 0.965920 -0.254031 91.047874 0.064579 0.256919 0.964273 -6.369644 0.000000 0.000000 0.000000 1.000000
0.985089 -0.037022 -0.168017 -8.856075 -0.010052 0.962521 -0.271022 91.334480 0.171754 0.268670 0.947796 -6.191843 0.000000 0.000000 0.000000 1.000000
0.961541 -0.102874 -0.254668 -6.954589 0.026376 0.957507 -0.287202 91.285797 0.273392 0.269439 0.923395 -5.627015 0.000000 0.000000 0.000000 1.000000
0.924902 -0.173603 -0.338258 -5.412502 0.069429 0.951830 -0.298663 90.903702 0.373813 0.252749 0.892402 -4.673641 0.000000 0.000000 0.000000 1.000000
0.877237 -0.241434 -0.414927 -4.299777 0.112717 0.943756 -0.310837 90.362015 0.466637 0.225909 0.855111 -3.548720 0.000000 0.000000 0.000000 1.000000
0.828451 -0.294327 -0.476487 -3.630493 0.140671 0.932857 -0.331647 89.837257 0.542107 0.207725 0.814230 -2.486834 0.000000 0.000000 0.000000 1.000000
0.786417 -0.331755 -0.521045 -3.430342 0.145974 0.919451 -0.365105 89.421265 0.600200 0.211066 0.771499 -1.566530 0.000000 0.000000 0.000000 1.000000
0.751805 -0.360454 -0.552143 -3.743803 0.131293 0.902424 -0.410356 89.156090 0.646182 0.236015 0.725772 -0.742060 0.000000 0.000000 0.000000 1.000000
0.724170 -0.385508 -0.571806 -4.427894 0.106798 0.881848 -0.459280 88.990433 0.681302 0.271529 0.679779 -0.046160 0.000000 0.000000 0.000000 1.000000
0.703281 -0.406276 -0.583383 -5.184233 0.086565 0.863445 -0.496959 88.850861 0.705622 0.299001 0.642414 0.401964 0.000000 0.000000 0.000000 1.000000
0.685018 -0.419185 -0.595847 -5.893407 0.076534 0.854762 -0.513347 88.690872 0.724495 0.306050 0.617609 0.648535 0.000000 0.000000 0.000000 1.000000
0.662442 -0.424864 -0.616978 -6.581109 0.071083 0.855545 -0.512825 88.574562 0.745733 0.295860 0.596950 0.883888 0.000000 0.000000 0.000000 1.000000
0.632672 -0.427658 -0.645627 -7.207687 0.062876 0.859306 -0.507582 88.590248 0.771863 0.280538 0.570549 1.193287 0.000000 0.000000 0.000000 1.000000
0.600430 -0.430850 -0.673685 -7.703666 0.052642 0.861915 -0.504313 88.648445 0.797943 0.267341 0.540200 1.503775 0.000000 0.000000 0.000000 1.000000
0.573948 -0.431923 -0.695720 -7.977650 0.044083 0.864652 -0.500434 88.610497 0.817704 0.256554 0.515306 1.699388 0.000000 0.000000 0.000000 1.000000
0.557966 -0.424562 -0.713037 -7.983766 0.037712 0.871306 -0.489290 88.433365 0.829007 0.246117 0.502170 1.738344 0.000000 0.000000 0.000000 1.000000
0.551215 -0.404879 -0.729544 -7.810603 0.031797 0.883931 -0.466535 88.195984 0.833757 0.233964 0.500110 1.663168 0.000000 0.000000 0.000000 1.000000
0.549553 -0.373904 -0.747120 -7.671063 0.024033 0.900967 -0.433221 88.081581 0.835113 0.220122 0.504115 1.576326 0.000000 0.000000 0.000000 1.000000
0.549411 -0.336154 -0.764950 -7.512245 0.013330 0.918912 -0.394238 87.982460 0.835446 0.206402 0.509341 1.498531 0.000000 0.000000 0.000000 1.000000
0.549086 -0.296531 -0.781392 -7.338131 -0.001179 0.934666 -0.355525 87.833847 0.835765 0.196135 0.512863 1.461794 0.000000 0.000000 0.000000 1.000000
0.548038 -0.260015 -0.795014 -7.216959 -0.018848 0.946378 -0.322512 87.690247 0.836241 0.191734 0.513750 1.504915 0.000000 0.000000 0.000000 1.000000
0.545631 -0.231533 -0.805407 -7.167324 -0.035901 0.953736 -0.298495 87.663933 0.837256 0.191783 0.512075 1.639837 0.000000 0.000000 0.000000 1.000000
0.539703 -0.212988 -0.814467 -7.274248 -0.048304 0.958038 -0.282541 87.868179 0.840469 0.191831 0.506767 1.884635 0.000000 0.000000 0.000000 1.000000
0.527548 -0.200902 -0.825428 -7.610308 -0.056960 0.961083 -0.270324 88.252876 0.847614 0.189625 0.495574 2.237224 0.000000 0.000000 0.000000 1.000000
0.510370 -0.189348 -0.838851 -8.053906 -0.068724 0.963358 -0.259265 88.514664 0.857205 0.189970 0.478656 2.608780 0.000000 0.000000 0.000000 1.000000
0.495152 -0.175638 -0.850868 -8.706870 -0.090273 0.963650 -0.251453 88.641518 0.864104 0.201318 0.461298 2.920158 0.000000 0.000000 0.000000 1.000000
0.487674 -0.160505 -0.858145 -9.566038 -0.120308 0.961221 -0.248153 88.671417 0.864697 0.224260 0.449452 3.052149 0.000000 0.000000 0.000000 1.000000
0.483728 -0.145136 -0.863101 -10.536560 -0.147576 0.958509 -0.243888 88.543457 0.862687 0.245349 0.442239 2.949459 0.000000 0.000000 0.000000 1.000000
0.473209 -0.133868 -0.870720 -11.769026 -0.159652 0.958989 -0.234205 88.437347 0.866363 0.249840 0.432429 2.734341 0.000000 0.000000 0.000000 1.000000
0.452609 -0.135459 -0.881360 -13.460218 -0.152665 0.962030 -0.226257 88.706734 0.878543 0.236958 0.414744 2.525427 0.000000 0.000000 0.000000 1.000000
0.426207 -0.152825 -0.891623 -15.682576 -0.132570 0.964434 -0.228675 89.532600 0.894859 0.215666 0.390789 2.345852 0.000000 0.000000 0.000000 1.000000
0.395779 -0.174568 -0.901601 -17.935976 -0.110206 0.965643 -0.235345 90.384590 0.911709 0.192507 0.362942 2.119250 0.000000 0.000000 0.000000 1.000000
0.354806 -0.182060 -0.917043 -20.186386 -0.097762 0.968256 -0.230052 90.976517 0.929815 0.171276 0.325744 1.994310 0.000000 0.000000 0.000000 1.000000
0.294529 -0.166864 -0.940962 -22.338795 -0.098253 0.974132 -0.203500 91.248352 0.950578 0.152389 0.270516 2.042661 0.000000 0.000000 0.000000 1.000000
0.218942 -0.136152 -0.966192 -24.417784 -0.105631 0.981090 -0.162188 91.564262 0.970003 0.137570 0.200419 2.299576 0.000000 0.000000 0.000000 1.000000
0.147295 -0.102976 -0.983717 -26.197067 -0.114669 0.986081 -0.120393 91.991966 0.982423 0.130535 0.133437 2.654060 0.000000 0.000000 0.000000 1.000000
0.096815 -0.072015 -0.992694 -27.267471 -0.119766 0.989289 -0.083448 92.519730 0.988070 0.126970 0.087153 2.898166 0.000000 0.000000 0.000000 1.000000
0.070758 -0.039394 -0.996715 -27.498003 -0.117540 0.991929 -0.047550 92.804092 0.990544 0.120518 0.065557 2.995485 0.000000 0.000000 0.000000 1.000000
0.062753 -0.005900 -0.998012 -27.557800 -0.109083 0.993951 -0.012735 92.761215 0.992050 0.109665 0.061730 3.065405 0.000000 0.000000 0.000000 1.000000
0.065823 0.023208 -0.997561 -28.065134 -0.099597 0.994890 0.016574 92.421021 0.992848 0.098263 0.067798 3.200287 0.000000 0.000000 0.000000 1.000000
0.076669 0.047337 -0.995932 -28.744400 -0.096715 0.994515 0.039824 92.400475 0.992355 0.093268 0.080827 3.312674 0.000000 0.000000 0.000000 1.000000
0.096443 0.068817 -0.992957 -29.221628 -0.099977 0.993231 0.059126 92.905975 0.990305 0.093570 0.102670 3.304064 0.000000 0.000000 0.000000 1.000000
0.116848 0.086325 -0.989391 -29.973854 -0.110902 0.991119 0.073379 93.509163 0.986938 0.101151 0.125384 3.039608 0.000000 0.000000 0.000000 1.000000
0.126648 0.093859 -0.987497 -31.104553 -0.121467 0.989489 0.078470 93.908897 0.984483 0.110010 0.136717 2.525635 0.000000 0.000000 0.000000 1.000000
0.120588 0.090554 -0.988564 -31.990795 -0.121877 0.989648 0.075786 94.103569 0.985193 0.111344 0.130376 2.064855 0.000000 0.000000 0.000000 1.000000
0.104584 0.085409 -0.990842 -31.878672 -0.108870 0.991301 0.073958 94.336655 0.988539 0.100138 0.112972 1.894496 0.000000 0.000000 0.000000 1.000000
0.089719 0.086491 -0.992205 -31.582401 -0.090938 0.992772 0.078318 94.504356 0.991807 0.083202 0.096935 1.754975 0.000000 0.000000 0.000000 1.000000
0.087719 0.089549 -0.992112 -31.846521 -0.077143 0.993571 0.082860 94.548134 0.993154 0.069267 0.094063 1.551934 0.000000 0.000000 0.000000 1.000000
0.102709 0.083284 -0.991219 -32.487278 -0.075194 0.994288 0.075750 94.289925 0.991865 0.066754 0.108385 1.446004 0.000000 0.000000 0.000000 1.000000
0.135180 0.061345 -0.988920 -32.936890 -0.086481 0.995003 0.049901 93.528694 0.987040 0.078777 0.139810 1.445858 0.000000 0.000000 0.000000 1.000000
0.190670 0.029243 -0.981219 -32.786991 -0.101092 0.994827 0.010004 92.579102 0.976435 0.097286 0.192640 1.417357 0.000000 0.000000 0.000000 1.000000
0.280689 -0.000501 -0.959799 -32.140598 -0.102371 0.994280 -0.030457 91.830780 0.954324 0.106805 0.279032 1.274848 0.000000 0.000000 0.000000 1.000000
0.409132 -0.023618 -0.912169 -31.527687 -0.078416 0.995057 -0.060936 91.443329 0.909099 0.096459 0.405258 1.227733 0.000000 0.000000 0.000000 1.000000
0.558803 -0.049034 -0.827850 -30.845613 -0.029410 0.996451 -0.078872 91.178680 0.828779 0.068421 0.555377 1.660780 0.000000 0.000000 0.000000 1.000000
0.697004 -0.085571 -0.711943 -29.476513 0.036645 0.995807 -0.083813 90.782181 0.716130 0.032329 0.697218 2.448030 0.000000 0.000000 0.000000 1.000000
0.797353 -0.134854 -0.588254 -27.421965 0.111885 0.990850 -0.075492 90.364838 0.593051 -0.005623 0.805145 3.191476 0.000000 0.000000 0.000000 1.000000
