<?xml version="1.0" encoding="utf-8"?>
<COLLADA xmlns="http://www.collada.org/2005/11/COLLADASchema" version="1.4.1">
  <asset>
    <contributor>
      <author>Mixamo</author>
      <authoring_tool>COLLADA Mixamo exporter</authoring_tool>
      <comments/>
    </contributor>
    <created>2019-04-09T09:26:52Z</created>
    <modified>2019-04-09T09:26:52Z</modified>
    <revision/>
    <title/>
    <unit meter="0.010000"/>
    <up_axis>Y_UP</up_axis>
  </asset>
  <library_animations>
    <animation>
      <source id="swat_Hips-Matrix-animation-input">
        <float_array id="swat_Hips-Matrix-animation-input-array" count="258">

0.000000 0.033333 0.066667 0.100000 0.133333 0.166667 0.200000 0.233333 0.266667 0.300000 0.333333 0.366667 0.400000 0.433333 0.466667 0.500000
0.533333 0.566667 0.600000 0.633333 0.666667 0.700000 0.733333 0.766667 0.800000 0.833333 0.866667 0.900000 0.933333 0.966667 1.000000 1.033333
1.066667 1.100000 1.133333 1.166667 1.200000 1.233333 1.266667 1.300000 1.333333 1.366667 1.400000 1.433333 1.466667 1.500000 1.533333 1.566667
1.600000 1.633333 1.666667 1.700000 1.733333 1.766667 1.800000 1.833333 1.866667 1.900000 1.933333 1.966667 2.000000 2.033333 2.066667 2.100000
2.133333 2.166667 2.200000 2.233333 2.266667 2.300000 2.333333 2.366667 2.400000 2.433333 2.466667 2.500000 2.533333 2.566667 2.600000 2.633333
2.666667 2.700000 2.733333 2.766667 2.800000 2.833333 2.866667 2.900000 2.933333 2.966667 3.000000 3.033333 3.066667 3.100000 3.133333 3.166667
3.200000 3.233333 3.266667 3.300000 3.333333 3.366667 3.400000 3.433333 3.466667 3.500000 3.533333 3.566667 3.600000 3.633333 3.666667 3.700000
3.733333 3.766667 3.800000 3.833333 3.866667 3.900000 3.933333 3.966667 4.000000 4.033333 4.066667 4.100000 4.133333 4.166667 4.200000 4.233333
4.266667 4.300000 4.333333 4.366667 4.400000 4.433333 4.466667 4.500000 4.533333 4.566667 4.600000 4.633333 4.666667 4.700000 4.733333 4.766667
4.800000 4.833333 4.866667 4.900000 4.933333 4.966667 5.000000 5.033333 5.066667 5.100000 5.133333 5.166667 5.200000 5.233333 5.266667 5.300000
5.333333 5.366667 5.400000 5.433333 5.466667 5.500000 5.533333 5.566667 5.600000 5.633333 5.666667 5.700000 5.733333 5.766667 5.800000 5.833333
5.866667 5.900000 5.933333 5.966667 6.000000 6.033333 6.066667 6.100000 6.133333 6.166667 6.200000 6.233333 6.266667 6.300000 6.333333 6.366667
6.400000 6.433333 6.466667 6.500000 6.533333 6.566667 6.600000 6.633333 6.666667 6.700000 6.733333 6.766667 6.800000 6.833333 6.866667 6.900000
6.933333 6.966667 7.000000 7.033333 7.066667 7.100000 7.133333 7.166667 7.200000 7.233333 7.266667 7.300000 7.333333 7.366667 7.400000 7.433333
7.466667 7.500000 7.533333 7.566667 7.600000 7.633333 7.666667 7.700000 7.733333 7.766667 7.800000 7.833333 7.866667 7.900000 7.933333 7.966667
8.000000 8.033333 8.066667 8.100000 8.133333 8.166667 8.200000 8.233333 8.266667 8.300000 8.333333 8.366667 8.400000 8.433333 8.466667 8.500000
8.533333 8.566667</float_array>
        <technique_common>
          <accessor source="#swat_Hips-Matrix-animation-input-array" count="258">
            <param name="TIME" type="float"/>
          </accessor>
        </technique_common>
      </source>
      <source id="swat_Hips-Matrix-animation-output-transform">
        <float_array id="swat_Hips-Matrix-animation-output-transform-array" count="4128">

0.996107 -0.049333 -0.073059 -0.000246 0.058193 0.990500 0.124590 94.083130 0.066219 -0.128357 0.989515 -0.037225 0.000000 0.000000 0.000000 1.000000
0.996064 -0.049235 -0.073703 0.064179 0.058175 0.990509 0.124529 94.096489 0.066872 -0.128327 0.989475 -0.016779 0.000000 0.000000 0.000000 1.000000
0.996027 -0.049013 -0.074350 0.126442 0.058030 0.990532 0.124412 94.110558 0.067549 -0.128232 0.989441 0.009751 0.000000 0.000000 0.000000 1.000000
0.995990 -0.048777 -0.074997 0.186964 0.057871 0.990555 0.124302 94.125923 0.068225 -0.128144 0.989406 0.036597 0.000000 0.000000 0.000000 1.000000
0.995952 -0.048545 -0.075645 0.246151 0.057716 0.990577 0.124198 94.142021 0.068903 -0.128062 0.989370 0.063485 0.000000 0.000000 0.000000 1.000000
0.995915 -0.048305 -0.076294 0.304425 0.057554 0.990599 0.124101 94.159172 0.069582 -0.127985 0.989332 0.090627 0.000000 0.000000 0.000000 1.000000
0.995876 -0.048069 -0.076945 0.362343 0.057397 0.990620 0.124009 94.176216 0.070262 -0.127914 0.989293 0.117763 0.000000 0.000000 0.000000 1.000000
0.995837 -0.047827 -0.077596 0.420231 0.057233 0.990640 0.123922 94.193924 0.070943 -0.127847 0.989253 0.145115 0.000000 0.000000 0.000000 1.000000
0.995798 -0.047580 -0.078248 0.478546 0.057066 0.990660 0.123840 94.211967 0.071625 -0.127785 0.989212 0.172655 0.000000 0.000000 0.000000 1.000000
0.995758 -0.047332 -0.078900 0.537791 0.056897 0.990680 0.123761 94.229813 0.072307 -0.127725 0.989170 0.200341 0.000000 0.000000 0.000000 1.000000
0.995719 -0.047072 -0.079551 0.598272 0.056716 0.990699 0.123687 94.248154 0.072989 -0.127669 0.989127 0.228358 0.000000 0.000000 0.000000 1.000000
0.995679 -0.046814 -0.080203 0.660574 0.056539 0.990718 0.123615 94.265831 0.073672 -0.127615 0.989084 0.256445 0.000000 0.000000 0.000000 1.000000
0.995638 -0.046559 -0.080857 0.725023 0.056363 0.990737 0.123546 94.283028 0.074355 -0.127565 0.989039 0.284659 0.000000 0.000000 0.000000 1.000000
0.995597 -0.046297 -0.081510 0.792191 0.056181 0.990755 0.123480 94.299232 0.075040 -0.127515 0.988994 0.313101 0.000000 0.000000 0.000000 1.000000
0.995555 -0.046031 -0.082162 0.862391 0.055995 0.990774 0.123414 94.314880 0.075724 -0.127467 0.988948 0.341775 0.000000 0.000000 0.000000 1.000000
0.995513 -0.045773 -0.082817 0.935961 0.055818 0.990792 0.123350 94.330246 0.076408 -0.127420 0.988901 0.370504 0.000000 0.000000 0.000000 1.000000
0.995471 -0.045499 -0.083468 1.013608 0.055623 0.990811 0.123287 94.343895 0.077092 -0.127372 0.988855 0.399619 0.000000 0.000000 0.000000 1.000000
0.995429 -0.045227 -0.084121 1.095617 0.055432 0.990830 0.123224 94.356277 0.077777 -0.127324 0.988807 0.428854 0.000000 0.000000 0.000000 1.000000
0.995386 -0.044947 -0.084772 1.182440 0.055231 0.990849 0.123161 94.367531 0.078460 -0.127274 0.988759 0.458421 0.000000 0.000000 0.000000 1.000000
0.995343 -0.044670 -0.085423 1.274921 0.055034 0.990868 0.123096 94.376984 0.079144 -0.127224 0.988711 0.488084 0.000000 0.000000 0.000000 1.000000
0.995300 -0.044383 -0.086072 1.373179 0.054826 0.990887 0.123031 94.385139 0.079827 -0.127171 0.988663 0.518137 0.000000 0.000000 0.000000 1.000000
0.995256 -0.044095 -0.086721 1.476661 0.054617 0.990907 0.122964 94.391273 0.080510 -0.127117 0.988615 0.548394 0.000000 0.000000 0.000000 1.000000
0.995213 -0.043801 -0.087367 1.584759 0.054401 0.990928 0.122894 94.395767 0.081192 -0.127058 0.988567 0.578943 0.000000 0.000000 0.000000 1.000000
0.995168 -0.043511 -0.088014 1.696826 0.054189 0.990948 0.122821 94.397942 0.081873 -0.126997 0.988518 0.609646 0.000000 0.000000 0.000000 1.000000
0.995124 -0.043222 -0.088660 1.812213 0.053978 0.990969 0.122746 94.398285 0.082554 -0.126933 0.988470 0.640560 0.000000 0.000000 0.000000 1.000000
0.995079 -0.042924 -0.089304 1.930405 0.053756 0.990991 0.122666 94.396759 0.083234 -0.126863 0.988422 0.671867 0.000000 0.000000 0.000000 1.000000
0.995034 -0.042635 -0.089947 2.050703 0.053544 0.991013 0.122583 94.394691 0.083913 -0.126790 0.988374 0.703265 0.000000 0.000000 0.000000 1.000000
0.994987 -0.042354 -0.090591 2.172492 0.053339 0.991035 0.122494 94.392189 0.084591 -0.126712 0.988326 0.734807 0.000000 0.000000 0.000000 1.000000
0.994940 -0.042076 -0.091234 2.295201 0.053135 0.991057 0.122401 94.389641 0.085268 -0.126629 0.988279 0.766579 0.000000 0.000000 0.000000 1.000000
0.994893 -0.041803 -0.091876 2.418189 0.052937 0.991080 0.122301 94.387009 0.085944 -0.126540 0.988231 0.798543 0.000000 0.000000 0.000000 1.000000
0.994844 -0.041534 -0.092517 2.540878 0.052742 0.991104 0.122195 94.384247 0.086619 -0.126445 0.988185 0.830693 0.000000 0.000000 0.000000 1.000000
0.994796 -0.041270 -0.093157 2.662647 0.052550 0.991128 0.122082 94.381546 0.087292 -0.126343 0.988138 0.863087 0.000000 0.000000 0.000000 1.000000
0.994746 -0.041022 -0.093798 2.782883 0.052374 0.991152 0.121962 94.378220 0.087965 -0.126234 0.988093 0.895485 0.000000 0.000000 0.000000 1.000000
0.994696 -0.040763 -0.094434 2.901022 0.052185 0.991178 0.121835 94.375557 0.088634 -0.126117 0.988048 0.928443 0.000000 0.000000 0.000000 1.000000
0.994646 -0.040518 -0.095070 3.016413 0.052010 0.991204 0.121699 94.372543 0.089303 -0.125992 0.988004 0.961471 0.000000 0.000000 0.000000 1.000000
0.994595 -0.040274 -0.095705 3.128475 0.051834 0.991231 0.121554 94.369713 0.089970 -0.125857 0.987960 0.994764 0.000000 0.000000 0.000000 1.000000
0.994543 -0.040047 -0.096340 3.236582 0.051674 0.991258 0.121400 94.366119 0.090636 -0.125716 0.987917 1.028126 0.000000 0.000000 0.000000 1.000000
0.994490 -0.039819 -0.096972 3.340152 0.051512 0.991286 0.121236 94.362976 0.091300 -0.125563 0.987876 1.061849 0.000000 0.000000 0.000000 1.000000
0.994437 -0.039599 -0.097603 3.438560 0.051357 0.991316 0.121062 94.359749 0.091961 -0.125401 0.987835 1.095793 0.000000 0.000000 0.000000 1.000000
0.994384 -0.039388 -0.098232 3.533738 0.051209 0.991346 0.120877 94.356377 0.092621 -0.125228 0.987795 1.129943 0.000000 0.000000 0.000000 1.000000
0.994330 -0.039172 -0.098857 3.628008 0.051054 0.991378 0.120681 94.353546 0.093277 -0.125044 0.987757 1.164538 0.000000 0.000000 0.000000 1.000000
0.994276 -0.038969 -0.099481 3.721350 0.050911 0.991410 0.120473 94.350151 0.093932 -0.124848 0.987719 1.199266 0.000000 0.000000 0.000000 1.000000
0.994221 -0.038777 -0.100104 3.813757 0.050776 0.991444 0.120253 94.346634 0.094585 -0.124641 0.987683 1.234182 0.000000 0.000000 0.000000 1.000000
0.994166 -0.038590 -0.100726 3.905271 0.050646 0.991479 0.120020 94.342911 0.095236 -0.124421 0.987649 1.269343 0.000000 0.000000 0.000000 1.000000
0.994110 -0.038404 -0.101344 3.995878 0.050514 0.991515 0.119774 94.339279 0.095884 -0.124187 0.987615 1.304880 0.000000 0.000000 0.000000 1.000000
0.994054 -0.038222 -0.101959 4.085567 0.050385 0.991553 0.119514 94.335449 0.096530 -0.123940 0.987583 1.340661 0.000000 0.000000 0.000000 1.000000
0.993996 -0.038077 -0.102573 4.174349 0.050289 0.991591 0.119239 94.331635 0.097170 -0.123682 0.987553 1.376717 0.000000 0.000000 0.000000 1.000000
0.993938 -0.037948 -0.103185 4.262198 0.050209 0.991630 0.118950 94.327744 0.097807 -0.123410 0.987524 1.412999 0.000000 0.000000 0.000000 1.000000
0.993879 -0.037830 -0.103794 4.349146 0.050136 0.991670 0.118646 94.323715 0.098441 -0.123124 0.987497 1.449501 0.000000 0.000000 0.000000 1.000000
0.993821 -0.037709 -0.104396 4.435185 0.050057 0.991714 0.118313 94.320320 0.099069 -0.122808 0.987473 1.486580 0.000000 0.000000 0.000000 1.000000
0.993762 -0.037611 -0.104992 4.520242 0.049995 0.991761 0.117940 94.316544 0.099691 -0.122454 0.987455 1.523797 0.000000 0.000000 0.000000 1.000000
0.993702 -0.037523 -0.105581 4.604362 0.049940 0.991813 0.117531 94.312836 0.100307 -0.122064 0.987441 1.561400 0.000000 0.000000 0.000000 1.000000
0.993643 -0.037446 -0.106165 4.687568 0.049890 0.991867 0.117090 94.309074 0.100917 -0.121642 0.987430 1.599312 0.000000 0.000000 0.000000 1.000000
0.993584 -0.037382 -0.106744 4.769824 0.049849 0.991925 0.116620 94.305283 0.101522 -0.121193 0.987424 1.637521 0.000000 0.000000 0.000000 1.000000
0.993524 -0.037326 -0.107318 4.851171 0.049812 0.991985 0.116125 94.301537 0.102124 -0.120718 0.987420 1.676041 0.000000 0.000000 0.000000 1.000000
0.993464 -0.037267 -0.107887 4.931651 0.049768 0.992047 0.115608 94.298378 0.102720 -0.120221 0.987419 1.715059 0.000000 0.000000 0.000000 1.000000
0.993404 -0.037222 -0.108453 5.011222 0.049736 0.992111 0.115073 94.294975 0.103315 -0.119708 0.987419 1.754258 0.000000 0.000000 0.000000 1.000000
0.993344 -0.037186 -0.109019 5.089885 0.049711 0.992176 0.114523 94.291557 0.103907 -0.119181 0.987421 1.793718 0.000000 0.000000 0.000000 1.000000
0.993283 -0.037157 -0.109582 5.167670 0.049691 0.992241 0.113964 94.288193 0.104498 -0.118643 0.987423 1.833438 0.000000 0.000000 0.000000 1.000000
0.993221 -0.037159 -0.110145 5.244598 0.049700 0.992306 0.113396 94.284912 0.105084 -0.118102 0.987426 1.873450 0.000000 0.000000 0.000000 1.000000
0.993158 -0.037168 -0.110708 5.320650 0.049715 0.992370 0.112826 94.281677 0.105670 -0.117558 0.987428 1.913705 0.000000 0.000000 0.000000 1.000000
0.993094 -0.037177 -0.111272 5.395853 0.049730 0.992434 0.112256 94.278648 0.106257 -0.117014 0.987430 1.954242 0.000000 0.000000 0.000000 1.000000
0.993030 -0.037194 -0.111838 5.470196 0.049753 0.992497 0.111689 94.275337 0.106845 -0.116475 0.987430 1.994926 0.000000 0.000000 0.000000 1.000000
0.992965 -0.037208 -0.112406 5.543712 0.049773 0.992559 0.111130 94.272507 0.107434 -0.115943 0.987429 2.035926 0.000000 0.000000 0.000000 1.000000
0.992900 -0.037217 -0.112976 5.616417 0.049789 0.992619 0.110582 94.269814 0.108026 -0.115422 0.987425 2.077216 0.000000 0.000000 0.000000 1.000000
0.992835 -0.037226 -0.113550 5.688292 0.049807 0.992678 0.110048 94.267303 0.108622 -0.114915 0.987419 2.118691 0.000000 0.000000 0.000000 1.000000
0.992767 -0.037245 -0.114131 5.759268 0.049836 0.992733 0.109533 94.264351 0.109222 -0.114429 0.987409 2.160193 0.000000 0.000000 0.000000 1.000000
0.992700 -0.037239 -0.114713 5.829544 0.049842 0.992787 0.109040 94.262222 0.109826 -0.113962 0.987396 2.205916 0.000000 0.000000 0.000000 1.000000
0.992631 -0.037247 -0.115306 5.898930 0.049867 0.992837 0.108573 94.259399 0.110436 -0.113522 0.987379 2.256661 0.000000 0.000000 0.000000 1.000000
0.992560 -0.037236 -0.115924 5.967622 0.049896 0.992866 0.108298 94.257339 0.111065 -0.113276 0.987336 2.309203 0.000000 0.000000 0.000000 1.000000
0.992471 -0.037186 -0.116698 6.035575 0.049931 0.992868 0.108261 94.255653 0.111840 -0.113273 0.987249 2.363397 0.000000 0.000000 0.000000 1.000000
0.992361 -0.037166 -0.117636 6.102635 0.050016 0.992865 0.108245 94.253410 0.112774 -0.113302 0.987140 2.419378 0.000000 0.000000 0.000000 1.000000
0.992233 -0.037149 -0.118717 6.168871 0.050124 0.992860 0.108246 94.251541 0.113848 -0.113356 0.987010 2.477427 0.000000 0.000000 0.000000 1.000000
0.992089 -0.037136 -0.119922 6.234262 0.050251 0.992851 0.108263 94.249710 0.115044 -0.113433 0.986863 2.537537 0.000000 0.000000 0.000000 1.000000
0.991929 -0.037131 -0.121232 6.298809 0.050401 0.992841 0.108294 94.248138 0.116343 -0.113530 0.986699 2.599725 0.000000 0.000000 0.000000 1.000000
0.991758 -0.037129 -0.122626 6.362548 0.050564 0.992828 0.108335 94.246796 0.117725 -0.113643 0.986522 2.664064 0.000000 0.000000 0.000000 1.000000
0.991577 -0.037113 -0.124084 6.425573 0.050725 0.992812 0.108405 94.245659 0.119169 -0.113786 0.986332 2.731321 0.000000 0.000000 0.000000 1.000000
0.991388 -0.037111 -0.125590 6.487713 0.050909 0.992791 0.108507 94.244286 0.120658 -0.113967 0.986130 2.804170 0.000000 0.000000 0.000000 1.000000
0.991193 -0.037100 -0.127121 6.548683 0.051089 0.992770 0.108619 94.243294 0.122172 -0.114157 0.985922 2.882089 0.000000 0.000000 0.000000 1.000000
0.990995 -0.037086 -0.128658 6.607951 0.051269 0.992747 0.108738 94.242676 0.123693 -0.114355 0.985709 2.963539 0.000000 0.000000 0.000000 1.000000
0.990797 -0.037070 -0.130183 6.665341 0.051445 0.992725 0.108862 94.242363 0.125201 -0.114557 0.985496 3.047036 0.000000 0.000000 0.000000 1.000000
0.990600 -0.037054 -0.131677 6.720676 0.051619 0.992702 0.108985 94.242378 0.126678 -0.114757 0.985283 3.131046 0.000000 0.000000 0.000000 1.000000
0.990408 -0.037038 -0.133121 6.773801 0.051788 0.992680 0.109104 94.243225 0.128105 -0.114952 0.985076 3.214128 0.000000 0.000000 0.000000 1.000000
0.990222 -0.037024 -0.134494 6.824569 0.051949 0.992660 0.109217 94.244843 0.129464 -0.115136 0.984877 3.294767 0.000000 0.000000 0.000000 1.000000
0.990047 -0.037020 -0.135782 6.872726 0.052109 0.992640 0.109319 94.246880 0.130735 -0.115306 0.984689 3.371389 0.000000 0.000000 0.000000 1.000000
0.989885 -0.037008 -0.136959 6.918255 0.052248 0.992623 0.109410 94.250107 0.131900 -0.115459 0.984516 3.442771 0.000000 0.000000 0.000000 1.000000
0.989740 -0.036999 -0.138010 6.960938 0.052371 0.992610 0.109469 94.254089 0.132940 -0.115573 0.984363 3.507296 0.000000 0.000000 0.000000 1.000000
0.989611 -0.037021 -0.138920 7.000405 0.052505 0.992598 0.109507 94.257767 0.133837 -0.115663 0.984230 3.556032 0.000000 0.000000 0.000000 1.000000
0.989506 -0.037037 -0.139663 7.036755 0.052612 0.992590 0.109529 94.262291 0.134571 -0.115728 0.984123 3.597684 0.000000 0.000000 0.000000 1.000000
0.989427 -0.037051 -0.140220 7.069817 0.052693 0.992585 0.109535 94.267532 0.135122 -0.115766 0.984043 3.640878 0.000000 0.000000 0.000000 1.000000
0.989377 -0.037051 -0.140574 7.099413 0.052731 0.992586 0.109510 94.273354 0.135474 -0.115759 0.983995 3.685297 0.000000 0.000000 0.000000 1.000000
0.989342 -0.037085 -0.140810 7.125350 0.052737 0.992630 0.109109 94.279816 0.135726 -0.115372 0.984006 3.731740 0.000000 0.000000 0.000000 1.000000
0.989309 -0.037115 -0.141029 7.141730 0.052739 0.992673 0.108712 94.286377 0.135961 -0.114987 0.984019 3.778486 0.000000 0.000000 0.000000 1.000000
0.989281 -0.037125 -0.141227 7.145959 0.052717 0.992717 0.108319 94.294029 0.136177 -0.114603 0.984034 3.825667 0.000000 0.000000 0.000000 1.000000
0.989254 -0.037151 -0.141409 7.142498 0.052711 0.992760 0.107932 94.301620 0.136375 -0.114226 0.984050 3.872519 0.000000 0.000000 0.000000 1.000000
0.989229 -0.037179 -0.141572 7.136000 0.052706 0.992801 0.107553 94.309479 0.136554 -0.113857 0.984068 3.918941 0.000000 0.000000 0.000000 1.000000
0.989207 -0.037213 -0.141718 7.126043 0.052705 0.992841 0.107184 94.317467 0.136715 -0.113496 0.984087 3.964560 0.000000 0.000000 0.000000 1.000000
0.989187 -0.037250 -0.141848 7.110678 0.052708 0.992880 0.106825 94.325523 0.136859 -0.113147 0.984107 4.009078 0.000000 0.000000 0.000000 1.000000
0.989170 -0.037285 -0.141959 7.092454 0.052708 0.992917 0.106479 94.333977 0.136984 -0.112809 0.984129 4.052333 0.000000 0.000000 0.000000 1.000000
0.989155 -0.037316 -0.142053 7.073815 0.052703 0.992953 0.106148 94.342781 0.137090 -0.112483 0.984151 4.094043 0.000000 0.000000 0.000000 1.000000
0.989147 -0.037368 -0.142099 7.057046 0.052716 0.992986 0.105832 94.351089 0.137148 -0.112174 0.984179 4.133604 0.000000 0.000000 0.000000 1.000000
0.989141 -0.037400 -0.142131 7.043911 0.052721 0.993009 0.105611 94.359985 0.137188 -0.111957 0.984198 4.170856 0.000000 0.000000 0.000000 1.000000
0.989136 -0.037450 -0.142155 7.031100 0.052757 0.993021 0.105480 94.367950 0.137213 -0.111834 0.984208 4.205016 0.000000 0.000000 0.000000 1.000000
0.989132 -0.037502 -0.142169 7.019805 0.052793 0.993032 0.105362 94.376190 0.137227 -0.111723 0.984219 4.236481 0.000000 0.000000 0.000000 1.000000
0.989129 -0.037556 -0.142176 7.011728 0.052833 0.993041 0.105252 94.384262 0.137234 -0.111620 0.984230 4.264801 0.000000 0.000000 0.000000 1.000000
0.989126 -0.037610 -0.142177 7.008690 0.052878 0.993046 0.105186 94.392120 0.137232 -0.111560 0.984237 4.289672 0.000000 0.000000 0.000000 1.000000
0.989125 -0.037666 -0.142173 7.010794 0.052928 0.993047 0.105144 94.399696 0.137224 -0.111526 0.984242 4.310812 0.000000 0.000000 0.000000 1.000000
0.989124 -0.037730 -0.142166 7.016421 0.052987 0.993048 0.105112 94.406868 0.137212 -0.111502 0.984246 4.327853 0.000000 0.000000 0.000000 1.000000
0.989123 -0.037785 -0.142154 7.025028 0.053038 0.993047 0.105090 94.414146 0.137195 -0.111487 0.984250 4.340713 0.000000 0.000000 0.000000 1.000000
0.989123 -0.037840 -0.142141 7.035939 0.053090 0.993046 0.105079 94.421387 0.137176 -0.111482 0.984253 4.349044 0.000000 0.000000 0.000000 1.000000
0.989122 -0.037902 -0.142128 7.048411 0.053151 0.993042 0.105079 94.427971 0.137157 -0.111490 0.984255 4.352369 0.000000 0.000000 0.000000 1.000000
0.989125 -0.037975 -0.142094 7.061780 0.053222 0.993037 0.105091 94.433899 0.137113 -0.111511 0.984259 4.350370 0.000000 0.000000 0.000000 1.000000
0.989128 -0.038050 -0.142051 7.075436 0.053296 0.993031 0.105116 94.439453 0.137061 -0.111544 0.984262 4.342884 0.000000 0.000000 0.000000 1.000000
0.989131 -0.038128 -0.142004 7.088705 0.053374 0.993023 0.105154 94.444618 0.137004 -0.111590 0.984265 4.329599 0.000000 0.000000 0.000000 1.000000
0.989135 -0.038214 -0.141953 7.100862 0.053466 0.993009 0.105231 94.448944 0.136940 -0.111677 0.984264 4.310058 0.000000 0.000000 0.000000 1.000000
0.989142 -0.038293 -0.141886 7.111385 0.053555 0.992991 0.105358 94.452965 0.136857 -0.111813 0.984260 4.284222 0.000000 0.000000 0.000000 1.000000
0.989149 -0.038377 -0.141812 7.119523 0.053652 0.992969 0.105515 94.456406 0.136765 -0.111978 0.984254 4.251653 0.000000 0.000000 0.000000 1.000000
0.989157 -0.038485 -0.141732 7.124458 0.053777 0.992943 0.105701 94.458237 0.136664 -0.112176 0.984246 4.210737 0.000000 0.000000 0.000000 1.000000
0.989164 -0.038604 -0.141647 7.125927 0.053918 0.992912 0.105918 94.459396 0.136554 -0.112407 0.984235 4.156164 0.000000 0.000000 0.000000 1.000000
0.989180 -0.038724 -0.141504 7.124868 0.054086 0.992853 0.106385 94.459656 0.136373 -0.112887 0.984205 4.087335 0.000000 0.000000 0.000000 1.000000
0.989229 -0.038863 -0.141120 7.121790 0.054278 0.992767 0.107084 94.459167 0.135938 -0.113590 0.984184 4.005619 0.000000 0.000000 0.000000 1.000000
0.989318 -0.038977 -0.140469 7.116961 0.054415 0.992683 0.107790 94.457802 0.135239 -0.114282 0.984200 3.912963 0.000000 0.000000 0.000000 1.000000
0.989440 -0.039095 -0.139568 7.110636 0.054525 0.992600 0.108502 94.455673 0.134293 -0.114967 0.984250 3.810529 0.000000 0.000000 0.000000 1.000000
0.989595 -0.039219 -0.138430 7.103201 0.054613 0.992516 0.109219 94.453789 0.133111 -0.115643 0.984331 3.699776 0.000000 0.000000 0.000000 1.000000
0.989779 -0.039353 -0.137074 7.094900 0.054684 0.992433 0.109939 94.451996 0.131710 -0.116311 0.984441 3.581835 0.000000 0.000000 0.000000 1.000000
0.989987 -0.039509 -0.135516 7.085907 0.054751 0.992349 0.110660 94.449631 0.130107 -0.116972 0.984576 3.457762 0.000000 0.000000 0.000000 1.000000
0.990217 -0.039680 -0.133773 7.076568 0.054809 0.992265 0.111381 94.447159 0.128318 -0.117623 0.984733 3.328897 0.000000 0.000000 0.000000 1.000000
0.990466 -0.039873 -0.131861 7.067111 0.054866 0.992181 0.112099 94.444199 0.126360 -0.118265 0.984909 3.196362 0.000000 0.000000 0.000000 1.000000
0.990731 -0.040064 -0.129796 7.057764 0.054899 0.992098 0.112814 94.440842 0.124250 -0.118894 0.985102 3.061379 0.000000 0.000000 0.000000 1.000000
0.991013 -0.040200 -0.127585 7.049154 0.054856 0.992020 0.113524 94.438896 0.122003 -0.119502 0.985309 2.925812 0.000000 0.000000 0.000000 1.000000
0.991303 -0.040365 -0.125257 7.041152 0.054825 0.991941 0.114227 94.435814 0.119637 -0.120100 0.985527 2.789965 0.000000 0.000000 0.000000 1.000000
0.991601 -0.040518 -0.122821 7.033860 0.054763 0.991864 0.114921 94.433167 0.117165 -0.120682 0.985753 2.655602 0.000000 0.000000 0.000000 1.000000
0.991904 -0.040686 -0.120297 7.027008 0.054702 0.991788 0.115605 94.429810 0.114606 -0.121249 0.985984 2.523577 0.000000 0.000000 0.000000 1.000000
0.992209 -0.040844 -0.117698 7.020654 0.054616 0.991714 0.116277 94.426781 0.111973 -0.121799 0.986219 2.395440 0.000000 0.000000 0.000000 1.000000
0.992514 -0.040997 -0.115040 7.014665 0.054515 0.991642 0.116936 94.423820 0.109284 -0.122332 0.986454 2.272339 0.000000 0.000000 0.000000 1.000000
0.992818 -0.041143 -0.112340 7.008883 0.054396 0.991573 0.117580 94.420998 0.106555 -0.122846 0.986689 2.155525 0.000000 0.000000 0.000000 1.000000
0.993117 -0.041282 -0.109614 7.003224 0.054262 0.991505 0.118207 94.418350 0.103803 -0.123341 0.986920 2.046205 0.000000 0.000000 0.000000 1.000000
0.993409 -0.041423 -0.106879 6.997533 0.054124 0.991440 0.118816 94.415443 0.101043 -0.123818 0.987147 1.945487 0.000000 0.000000 0.000000 1.000000
0.993692 -0.041563 -0.104153 6.991685 0.053982 0.991377 0.119406 94.412262 0.098292 -0.124275 0.987367 1.854567 0.000000 0.000000 0.000000 1.000000
0.993968 -0.041666 -0.101444 6.985777 0.053799 0.991318 0.119975 94.410477 0.095565 -0.124709 0.987580 1.775268 0.000000 0.000000 0.000000 1.000000
0.994232 -0.041785 -0.098779 6.979387 0.053634 0.991261 0.120521 94.407913 0.092880 -0.125124 0.987784 1.707971 0.000000 0.000000 0.000000 1.000000
0.994483 -0.041893 -0.096170 6.972559 0.053460 0.991207 0.121043 94.404991 0.090254 -0.125516 0.987978 1.654292 0.000000 0.000000 0.000000 1.000000
0.994721 -0.041985 -0.093632 6.965170 0.053275 0.991156 0.121539 94.402222 0.087701 -0.125885 0.988161 1.615515 0.000000 0.000000 0.000000 1.000000
0.994945 -0.042068 -0.091182 6.957099 0.053087 0.991108 0.122008 94.399971 0.085239 -0.126232 0.988332 1.584874 0.000000 0.000000 0.000000 1.000000
0.995153 -0.042159 -0.088841 6.948075 0.052917 0.991063 0.122448 94.397255 0.082885 -0.126556 0.988491 1.554525 0.000000 0.000000 0.000000 1.000000
0.995346 -0.042230 -0.086619 6.938218 0.052738 0.991022 0.122859 94.395233 0.080653 -0.126855 0.988637 1.524898 0.000000 0.000000 0.000000 1.000000
0.995521 -0.042318 -0.084539 6.927114 0.052591 0.990983 0.123238 94.392532 0.078562 -0.127132 0.988770 1.495473 0.000000 0.000000 0.000000 1.000000
0.995679 -0.042399 -0.082615 6.914814 0.052451 0.990947 0.123584 94.389641 0.076627 -0.127383 0.988889 1.466565 0.000000 0.000000 0.000000 1.000000
0.995820 -0.042480 -0.080864 6.901134 0.052332 0.990914 0.123896 94.387001 0.074866 -0.127610 0.988995 1.438023 0.000000 0.000000 0.000000 1.000000
0.995941 -0.042587 -0.079302 6.885949 0.052258 0.990884 0.124172 94.384071 0.073291 -0.127812 0.989087 1.409873 0.000000 0.000000 0.000000 1.000000
0.996043 -0.042704 -0.077947 6.869124 0.052217 0.990856 0.124411 94.381126 0.071921 -0.127989 0.989164 1.382085 0.000000 0.000000 0.000000 1.000000
0.996126 -0.042813 -0.076814 6.845831 0.052195 0.990832 0.124611 94.378052 0.070775 -0.128138 0.989228 1.354682 0.000000 0.000000 0.000000 1.000000
0.996188 -0.042954 -0.075928 6.808911 0.052232 0.990810 0.124771 94.373634 0.069871 -0.128262 0.989276 1.327114 0.000000 0.000000 0.000000 1.000000
0.996232 -0.043055 -0.075291 6.772066 0.052258 0.990793 0.124890 94.370224 0.069221 -0.128354 0.989310 1.300378 0.000000 0.000000 0.000000 1.000000
0.996255 -0.043146 -0.074926 6.733281 0.052307 0.990782 0.124961 94.366676 0.068844 -0.128412 0.989328 1.274006 0.000000 0.000000 0.000000 1.000000
0.996260 -0.043252 -0.074807 6.690834 0.052401 0.990769 0.125021 94.363441 0.068709 -0.128473 0.989330 1.248077 0.000000 0.000000 0.000000 1.000000
0.996260 -0.043357 -0.074737 6.642803 0.052501 0.990756 0.125085 94.359581 0.068623 -0.128541 0.989327 1.222255 0.000000 0.000000 0.000000 1.000000
0.996262 -0.043455 -0.074664 6.587451 0.052593 0.990743 0.125148 94.355988 0.068534 -0.128607 0.989325 1.196829 0.000000 0.000000 0.000000 1.000000
0.996263 -0.043549 -0.074592 6.522899 0.052681 0.990731 0.125209 94.352867 0.068448 -0.128671 0.989322 1.171777 0.000000 0.000000 0.000000 1.000000
0.996264 -0.043645 -0.074523 6.451621 0.052772 0.990719 0.125267 94.349327 0.068364 -0.128732 0.989320 1.146969 0.000000 0.000000 0.000000 1.000000
0.996265 -0.043724 -0.074453 6.377482 0.052846 0.990707 0.125324 94.346634 0.068282 -0.128791 0.989318 1.122725 0.000000 0.000000 0.000000 1.000000
0.996266 -0.043815 -0.074388 6.300477 0.052932 0.990696 0.125380 94.343460 0.068203 -0.128849 0.989316 1.098584 0.000000 0.000000 0.000000 1.000000
0.996267 -0.043913 -0.074326 6.220785 0.053025 0.990684 0.125432 94.340240 0.068126 -0.128905 0.989314 1.074685 0.000000 0.000000 0.000000 1.000000
0.996267 -0.044008 -0.074266 6.138603 0.053115 0.990673 0.125483 94.337059 0.068051 -0.128960 0.989312 1.051045 0.000000 0.000000 0.000000 1.000000
0.996267 -0.044097 -0.074208 6.054092 0.053200 0.990662 0.125533 94.334190 0.067979 -0.129012 0.989310 1.027807 0.000000 0.000000 0.000000 1.000000
0.996268 -0.044188 -0.074151 5.967360 0.053285 0.990651 0.125580 94.331100 0.067909 -0.129062 0.989309 1.004857 0.000000 0.000000 0.000000 1.000000
0.996268 -0.044269 -0.074095 5.878636 0.053362 0.990642 0.125625 94.327904 0.067841 -0.129111 0.989307 0.982289 0.000000 0.000000 0.000000 1.000000
0.996267 -0.044368 -0.074045 5.787869 0.053457 0.990631 0.125670 94.323936 0.067776 -0.129159 0.989305 0.959756 0.000000 0.000000 0.000000 1.000000
0.996268 -0.044451 -0.073993 5.695396 0.053536 0.990621 0.125712 94.320297 0.067711 -0.129204 0.989304 0.937732 0.000000 0.000000 0.000000 1.000000
0.996268 -0.044523 -0.073943 5.601368 0.053604 0.990613 0.125751 94.316162 0.067650 -0.129246 0.989302 0.916087 0.000000 0.000000 0.000000 1.000000
0.996269 -0.044595 -0.073894 5.505838 0.053671 0.990604 0.125790 94.312508 0.067590 -0.129287 0.989301 0.894818 0.000000 0.000000 0.000000 1.000000
0.996269 -0.044671 -0.073847 5.408960 0.053744 0.990595 0.125828 94.308029 0.067531 -0.129327 0.989300 0.873728 0.000000 0.000000 0.000000 1.000000
0.996269 -0.044739 -0.073801 5.310939 0.053807 0.990587 0.125863 94.303413 0.067475 -0.129365 0.989299 0.852986 0.000000 0.000000 0.000000 1.000000
0.996269 -0.044805 -0.073757 5.211803 0.053870 0.990579 0.125899 94.299248 0.067422 -0.129403 0.989297 0.832564 0.000000 0.000000 0.000000 1.000000
0.996270 -0.044863 -0.073714 5.111830 0.053924 0.990572 0.125935 94.294456 0.067369 -0.129440 0.989296 0.812463 0.000000 0.000000 0.000000 1.000000
0.996270 -0.044920 -0.073672 5.011077 0.053978 0.990565 0.125965 94.289856 0.067318 -0.129472 0.989295 0.792691 0.000000 0.000000 0.000000 1.000000
0.996271 -0.044981 -0.073633 4.909709 0.054034 0.990559 0.125988 94.284729 0.067271 -0.129497 0.989295 0.773141 0.000000 0.000000 0.000000 1.000000
0.996271 -0.045038 -0.073595 4.807889 0.054087 0.990554 0.126005 94.279686 0.067225 -0.129515 0.989296 0.753900 0.000000 0.000000 0.000000 1.000000
0.996271 -0.045093 -0.073558 4.705758 0.054139 0.990549 0.126021 94.274544 0.067180 -0.129533 0.989297 0.734950 0.000000 0.000000 0.000000 1.000000
0.996271 -0.045146 -0.073523 4.603453 0.054188 0.990545 0.126035 94.269608 0.067137 -0.129550 0.989297 0.716314 0.000000 0.000000 0.000000 1.000000
0.996272 -0.045192 -0.073488 4.501131 0.054230 0.990541 0.126049 94.264664 0.067096 -0.129565 0.989298 0.698048 0.000000 0.000000 0.000000 1.000000
0.996272 -0.045232 -0.073453 4.398990 0.054266 0.990537 0.126063 94.259628 0.067056 -0.129579 0.989299 0.680097 0.000000 0.000000 0.000000 1.000000
0.996272 -0.045284 -0.073422 4.297042 0.054315 0.990533 0.126075 94.254211 0.067017 -0.129593 0.989300 0.662221 0.000000 0.000000 0.000000 1.000000
0.996273 -0.045322 -0.073391 4.195508 0.054349 0.990529 0.126086 94.249306 0.066981 -0.129605 0.989301 0.644799 0.000000 0.000000 0.000000 1.000000
0.996274 -0.045350 -0.073360 4.094598 0.054373 0.990527 0.126096 94.244102 0.066946 -0.129615 0.989302 0.627710 0.000000 0.000000 0.000000 1.000000
0.996275 -0.045382 -0.073330 3.994306 0.054402 0.990524 0.126106 94.239548 0.066912 -0.129626 0.989303 0.610906 0.000000 0.000000 0.000000 1.000000
0.996275 -0.045417 -0.073302 3.894885 0.054434 0.990521 0.126115 94.234482 0.066880 -0.129635 0.989304 0.594291 0.000000 0.000000 0.000000 1.000000
0.996276 -0.045446 -0.073275 3.796466 0.054459 0.990519 0.126123 94.229729 0.066849 -0.129643 0.989305 0.577976 0.000000 0.000000 0.000000 1.000000
0.996276 -0.045477 -0.073250 3.699136 0.054487 0.990516 0.126130 94.224953 0.066819 -0.129651 0.989306 0.561945 0.000000 0.000000 0.000000 1.000000
0.996277 -0.045508 -0.073226 3.603078 0.054516 0.990514 0.126136 94.220306 0.066791 -0.129658 0.989307 0.546127 0.000000 0.000000 0.000000 1.000000
0.996277 -0.045543 -0.073204 3.508397 0.054548 0.990511 0.126142 94.215385 0.066765 -0.129665 0.989308 0.530573 0.000000 0.000000 0.000000 1.000000
0.996277 -0.045573 -0.073182 3.415299 0.054575 0.990509 0.126146 94.210869 0.066739 -0.129671 0.989309 0.515291 0.000000 0.000000 0.000000 1.000000
0.996277 -0.045605 -0.073161 3.323890 0.054604 0.990507 0.126150 94.206573 0.066714 -0.129676 0.989310 0.500247 0.000000 0.000000 0.000000 1.000000
0.996277 -0.045634 -0.073142 3.234329 0.054632 0.990505 0.126154 94.202530 0.066691 -0.129680 0.989311 0.485470 0.000000 0.000000 0.000000 1.000000
0.996277 -0.045657 -0.073125 3.146820 0.054652 0.990504 0.126156 94.197983 0.066670 -0.129683 0.989312 0.471042 0.000000 0.000000 0.000000 1.000000
0.996277 -0.045689 -0.073109 3.061352 0.054682 0.990502 0.126158 94.193939 0.066650 -0.129686 0.989312 0.456727 0.000000 0.000000 0.000000 1.000000
0.996277 -0.045714 -0.073093 2.978218 0.054705 0.990500 0.126160 94.189194 0.066631 -0.129688 0.989314 0.442756 0.000000 0.000000 0.000000 1.000000
0.996277 -0.045742 -0.073078 2.896716 0.054731 0.990499 0.126160 94.184761 0.066613 -0.129690 0.989315 0.428964 0.000000 0.000000 0.000000 1.000000
0.996277 -0.045770 -0.073063 2.816056 0.054757 0.990498 0.126160 94.180069 0.066594 -0.129691 0.989316 0.415438 0.000000 0.000000 0.000000 1.000000
0.996277 -0.045794 -0.073047 2.736297 0.054778 0.990496 0.126159 94.175041 0.066575 -0.129691 0.989317 0.402194 0.000000 0.000000 0.000000 1.000000
0.996277 -0.045814 -0.073029 2.657325 0.054796 0.990496 0.126158 94.170181 0.066556 -0.129690 0.989318 0.389290 0.000000 0.000000 0.000000 1.000000
0.996275 -0.045840 -0.073034 2.579143 0.054823 0.990494 0.126156 94.165421 0.066557 -0.129691 0.989318 0.376445 0.000000 0.000000 0.000000 1.000000
0.996274 -0.045859 -0.073037 2.501800 0.054841 0.990494 0.126154 94.160263 0.066557 -0.129690 0.989318 0.363961 0.000000 0.000000 0.000000 1.000000
0.996273 -0.045887 -0.073042 2.425134 0.054870 0.990492 0.126151 94.155403 0.066559 -0.129689 0.989318 0.351586 0.000000 0.000000 0.000000 1.000000
0.996271 -0.045910 -0.073045 2.349259 0.054892 0.990492 0.126148 94.150208 0.066559 -0.129687 0.989319 0.339505 0.000000 0.000000 0.000000 1.000000
0.996270 -0.045932 -0.073049 2.274110 0.054915 0.990491 0.126144 94.144539 0.066560 -0.129685 0.989319 0.327678 0.000000 0.000000 0.000000 1.000000
0.996269 -0.045952 -0.073052 2.199682 0.054935 0.990490 0.126139 94.139229 0.066561 -0.129682 0.989319 0.316107 0.000000 0.000000 0.000000 1.000000
0.996268 -0.045971 -0.073055 2.125955 0.054954 0.990490 0.126134 94.133789 0.066562 -0.129678 0.989319 0.304746 0.000000 0.000000 0.000000 1.000000
0.996266 -0.045995 -0.073059 2.052832 0.054978 0.990489 0.126129 94.128632 0.066563 -0.129675 0.989320 0.293547 0.000000 0.000000 0.000000 1.000000
0.996265 -0.046021 -0.073063 1.980315 0.055003 0.990489 0.126123 94.123398 0.066563 -0.129671 0.989320 0.282558 0.000000 0.000000 0.000000 1.000000
0.996264 -0.046044 -0.073066 1.908451 0.055027 0.990488 0.126117 94.118187 0.066564 -0.129666 0.989321 0.271822 0.000000 0.000000 0.000000 1.000000
0.996262 -0.046065 -0.073069 1.837219 0.055047 0.990488 0.126110 94.112663 0.066565 -0.129661 0.989322 0.261324 0.000000 0.000000 0.000000 1.000000
0.996261 -0.046088 -0.073073 1.766530 0.055071 0.990487 0.126103 94.107574 0.066566 -0.129656 0.989322 0.250976 0.000000 0.000000 0.000000 1.000000
0.996260 -0.046112 -0.073076 1.696397 0.055093 0.990488 0.126084 94.102287 0.066567 -0.129639 0.989324 0.240879 0.000000 0.000000 0.000000 1.000000
0.996258 -0.046139 -0.073080 1.626783 0.055119 0.990490 0.126064 94.097099 0.066568 -0.129621 0.989327 0.230954 0.000000 0.000000 0.000000 1.000000
0.996257 -0.046170 -0.073083 1.557612 0.055149 0.990491 0.126044 94.092041 0.066569 -0.129602 0.989329 0.221231 0.000000 0.000000 0.000000 1.000000
0.996255 -0.046195 -0.073087 1.489036 0.055173 0.990492 0.126023 94.086884 0.066570 -0.129583 0.989331 0.211726 0.000000 0.000000 0.000000 1.000000
0.996254 -0.046218 -0.073089 1.420907 0.055195 0.990493 0.126002 94.081894 0.066571 -0.129564 0.989334 0.202483 0.000000 0.000000 0.000000 1.000000
0.996252 -0.046248 -0.073093 1.353175 0.055223 0.990495 0.125980 94.077148 0.066572 -0.129544 0.989336 0.193364 0.000000 0.000000 0.000000 1.000000
0.996250 -0.046281 -0.073097 1.285850 0.055255 0.990496 0.125957 94.072464 0.066573 -0.129524 0.989339 0.184413 0.000000 0.000000 0.000000 1.000000
0.996248 -0.046317 -0.073101 1.218895 0.055290 0.990497 0.125935 94.067810 0.066573 -0.129504 0.989342 0.175626 0.000000 0.000000 0.000000 1.000000
0.996247 -0.046346 -0.073104 1.152414 0.055317 0.990498 0.125909 94.063179 0.066574 -0.129481 0.989345 0.167128 0.000000 0.000000 0.000000 1.000000
0.996245 -0.046382 -0.073108 1.086211 0.055352 0.990500 0.125883 94.058968 0.066574 -0.129457 0.989348 0.158727 0.000000 0.000000 0.000000 1.000000
0.996243 -0.046413 -0.073110 1.020456 0.055381 0.990501 0.125857 94.054558 0.066574 -0.129433 0.989351 0.150628 0.000000 0.000000 0.000000 1.000000
0.996241 -0.046463 -0.073114 0.954915 0.055430 0.990502 0.125830 94.050636 0.066573 -0.129410 0.989354 0.142538 0.000000 0.000000 0.000000 1.000000
0.996238 -0.046516 -0.073118 0.889648 0.055482 0.990503 0.125802 94.046982 0.066572 -0.129386 0.989357 0.134679 0.000000 0.000000 0.000000 1.000000
0.996236 -0.046554 -0.073120 0.824839 0.055517 0.990504 0.125775 94.042664 0.066571 -0.129361 0.989360 0.127115 0.000000 0.000000 0.000000 1.000000
0.996234 -0.046602 -0.073123 0.760164 0.055564 0.990505 0.125745 94.039169 0.066569 -0.129335 0.989364 0.119719 0.000000 0.000000 0.000000 1.000000
0.996231 -0.046658 -0.073127 0.695650 0.055618 0.990506 0.125715 94.036110 0.066567 -0.129309 0.989368 0.112334 0.000000 0.000000 0.000000 1.000000
0.996228 -0.046708 -0.073130 0.631447 0.055665 0.990507 0.125685 94.032814 0.066565 -0.129282 0.989371 0.105249 0.000000 0.000000 0.000000 1.000000
0.996225 -0.046775 -0.073135 0.567313 0.055731 0.990508 0.125654 94.029930 0.066563 -0.129255 0.989375 0.098216 0.000000 0.000000 0.000000 1.000000
0.996222 -0.046833 -0.073138 0.503375 0.055787 0.990508 0.125623 94.027397 0.066560 -0.129228 0.989379 0.091418 0.000000 0.000000 0.000000 1.000000
0.996218 -0.046900 -0.073142 0.439464 0.055852 0.990509 0.125591 94.025131 0.066557 -0.129201 0.989382 0.084719 0.000000 0.000000 0.000000 1.000000
0.996215 -0.046962 -0.073145 0.376540 0.055912 0.990510 0.125558 94.022675 0.066554 -0.129172 0.989386 0.078233 0.000000 0.000000 0.000000 1.000000
0.996211 -0.047038 -0.073149 0.315368 0.055986 0.990510 0.125524 94.021088 0.066550 -0.129144 0.989390 0.071842 0.000000 0.000000 0.000000 1.000000
0.996207 -0.047116 -0.073153 0.257029 0.056061 0.990510 0.125490 94.019211 0.066546 -0.129116 0.989394 0.065626 0.000000 0.000000 0.000000 1.000000
0.996203 -0.047189 -0.073156 0.202474 0.056132 0.990510 0.125456 94.017799 0.066542 -0.129087 0.989398 0.059597 0.000000 0.000000 0.000000 1.000000
0.996199 -0.047270 -0.073160 0.152537 0.056211 0.990510 0.125422 94.016747 0.066537 -0.129058 0.989402 0.053664 0.000000 0.000000 0.000000 1.000000
0.996195 -0.047348 -0.073163 0.108305 0.056287 0.990510 0.125386 94.015663 0.066532 -0.129027 0.989407 0.047966 0.000000 0.000000 0.000000 1.000000
0.996191 -0.047442 -0.073168 0.067999 0.056378 0.990509 0.125350 94.015541 0.066527 -0.128998 0.989411 0.042231 0.000000 0.000000 0.000000 1.000000
0.996186 -0.047524 -0.073171 0.030023 0.056457 0.990509 0.125314 94.014938 0.066521 -0.128968 0.989415 0.036848 0.000000 0.000000 0.000000 1.000000
0.996182 -0.047605 -0.073173 -0.005406 0.056536 0.990510 0.125278 94.014435 0.066515 -0.128937 0.989420 0.031589 0.000000 0.000000 0.000000 1.000000
0.996178 -0.047692 -0.073175 -0.038069 0.056620 0.990509 0.125241 94.014732 0.066508 -0.128906 0.989424 0.026525 0.000000 0.000000 0.000000 1.000000
0.996174 -0.047783 -0.073177 -0.067556 0.056709 0.990509 0.125204 94.015221 0.066500 -0.128874 0.989429 0.021566 0.000000 0.000000 0.000000 1.000000
0.996169 -0.047881 -0.073180 -0.093557 0.056804 0.990508 0.125166 94.016037 0.066493 -0.128844 0.989433 0.016690 0.000000 0.000000 0.000000 1.000000
0.996163 -0.047988 -0.073184 -0.115774 0.056908 0.990507 0.125128 94.017532 0.066484 -0.128813 0.989438 0.011922 0.000000 0.000000 0.000000 1.000000
0.996158 -0.048090 -0.073186 -0.133751 0.057007 0.990506 0.125090 94.020424 0.066476 -0.128782 0.989442 0.007329 0.000000 0.000000 0.000000 1.000000
