<?xml version="1.0" encoding="utf-8"?>
<COLLADA xmlns="http://www.collada.org/2005/11/COLLADASchema" version="1.4.1">
  <asset>
    <contributor>
      <author>Mixamo</author>
      <authoring_tool>COLLADA Mixamo exporter</authoring_tool>
      <comments/>
    </contributor>
    <created>2019-04-09T09:28:18Z</created>
    <modified>2019-04-09T09:28:18Z</modified>
    <revision/>
    <title/>
    <unit meter="0.010000"/>
    <up_axis>Y_UP</up_axis>
  </asset>
  <library_animations>
    <animation>
      <source id="swat_Hips-Matrix-animation-input">
        <float_array id="swat_Hips-Matrix-animation-input-array" count="19">

0.000000 0.033333 0.066667 0.100000 0.133333 0.166667 0.200000 0.233333 0.266667 0.300000 0.333333 0.366667 0.400000 0.433333 0.466667 0.500000
0.533333 0.566667 0.600000</float_array>
        <technique_common>
          <accessor source="#swat_Hips-Matrix-animation-input-array" count="19">
            <param name="TIME" type="float"/>
          </accessor>
        </technique_common>
      </source>
      <source id="swat_Hips-Matrix-animation-output-transform">
        <float_array id="swat_Hips-Matrix-animation-output-transform-array" count="304">

0.999600 0.022017 0.017759 0.123678 -0.016890 0.968194 -0.249629 87.887733 -0.022690 0.249229 0.968179 -0.220284 0.000000 0.000000 0.000000 1.000000
0.999310 -0.006953 0.036493 -0.494066 0.016230 0.965333 -0.260516 88.976166 -0.033417 0.260929 0.964780 -0.426865 0.000000 0.000000 0.000000 1.000000
0.998622 -0.032863 0.040924 -1.166264 0.042782 0.961358 -0.271958 90.213829 -0.030405 0.273334 0.961439 -0.651582 0.000000 0.000000 0.000000 1.000000
0.998663 -0.038493 0.034491 -1.830290 0.046688 0.958118 -0.282543 91.034981 -0.022171 0.283776 0.958634 -1.014415 0.000000 0.000000 0.000000 1.000000
0.999502 -0.019454 0.024857 -2.290668 0.025783 0.957463 -0.287402 91.381752 -0.018208 0.287900 0.957487 -1.661489 0.000000 0.000000 0.000000 1.000000
0.999769 0.007542 0.020125 -2.495168 -0.001499 0.958585 -0.284804 91.608276 -0.021440 0.284708 0.958375 -2.618988 0.000000 0.000000 0.000000 1.000000
0.999185 0.038177 0.013117 -2.384514 -0.033043 0.960161 -0.277488 91.528809 -0.023188 0.276829 0.960639 -3.765803 0.000000 0.000000 0.000000 1.000000
0.997948 0.062810 -0.012438 -2.010664 -0.063826 0.960320 -0.271500 90.868248 -0.005109 0.271736 0.962358 -4.821859 0.000000 0.000000 0.000000 1.000000
0.996444 0.067842 -0.049976 -1.476697 -0.078868 0.959709 -0.269701 89.691780 0.029665 0.272683 0.961646 -5.519297 0.000000 0.000000 0.000000 1.000000
0.994618 0.060359 -0.084208 -0.931297 -0.081085 0.959431 -0.270031 89.032715 0.064493 0.275406 0.959162 -5.305592 0.000000 0.000000 0.000000 1.000000
0.993982 0.054509 -0.095020 -0.354160 -0.078498 0.959443 -0.270753 89.600433 0.076408 0.276583 0.957948 -4.319230 0.000000 0.000000 0.000000 1.000000
0.995585 0.044699 -0.082541 0.307580 -0.065641 0.960112 -0.271801 90.729080 0.067099 0.276019 0.958807 -3.320675 0.000000 0.000000 0.000000 1.000000
0.998197 0.020575 -0.056380 0.909747 -0.035078 0.962252 -0.269891 91.626236 0.048699 0.271382 0.961239 -2.716326 0.000000 0.000000 0.000000 1.000000
0.999383 -0.010600 -0.033487 1.291446 0.001570 0.965900 -0.258910 91.080650 0.035090 0.258697 0.965321 -2.330731 0.000000 0.000000 0.000000 1.000000
0.999743 -0.009150 -0.020756 1.400448 0.003703 0.968595 -0.248616 89.770950 0.022379 0.248475 0.968380 -2.328972 0.000000 0.000000 0.000000 1.000000
0.999870 0.012462 -0.010196 1.278826 -0.014572 0.969721 -0.243781 88.019073 0.006849 0.243898 0.969777 -2.447625 0.000000 0.000000 0.000000 1.000000
0.999606 0.028032 0.001647 0.983930 -0.026764 0.968855 -0.246178 86.790909 -0.008496 0.246036 0.969223 -2.306406 0.000000 0.000000 0.000000 1.000000
0.999401 0.033012 0.010351 0.572533 -0.029375 0.967747 -0.250208 86.887726 -0.018277 0.249754 0.968137 -1.639974 0.000000 0.000000 0.000000 1.000000
0.999601 0.021978 0.017759 0.123823 -0.016853 0.968195 -0.249629 87.886078 -0.022681 0.249230 0.968179 -0.220572 0.000000 0.000000 0.000000 1.000000</float_array>
        <technique_common>
          <accessor source="#swat_Hips-Matrix-animation-output-transform-array" count="19" stride="16">
            <param type="float4x4"/>
          </accessor>
        </technique_common>
      </source>
      <source id="swat_Hips-Interpolations">
        <Name_array id="swat_Hips-Interpolations-array" count="19">
 LINEAR LINEAR LINEAR LINEAR LINEAR LINEAR LINEAR LINEAR LINEAR LINEAR LINEAR
LINEAR LINEAR LINEAR LINEAR LINEAR LINEAR LINEAR LINEAR</Name_array>
        <technique_common>
          <accessor source="#swat_Hips-Interpolations-array" count="19">
            <param type="name"/>
          </accessor>
        </technique_common>
      </source>
      <sampler id="swat_Hips-Matrix-animation-transform">
        <input semantic="INPUT" source="#swat_Hips-Matrix-animation-input"/>
        <input semantic="OUTPUT" source="#swat_Hips-Matrix-animation-output-transform"/>
        <input semantic="INTERPOLATION" source="#swat_Hips-Interpolations"/>
      </sampler>
      <channel source="#swat_Hips-Matrix-animation-transform" target="swat_Hips/matrix"/>
      <source id="swat_Spine-Matrix-animation-input">
        <float_array id="swat_Spine-Matrix-animation-input-array" count="19">

0.000000 0.033333 0.066667 0.100000 0.133333 0.166667 0.200000 0.233333 0.266667 0.300000 0.333333 0.366667 0.400000 0.433333 0.466667 0.500000
0.533333 0.566667 0.600000</float_array>
        <technique_common>
          <accessor source="#swat_Spine-Matrix-animation-input-array" count="19">
            <param name="TIME" type="float"/>
          </accessor>
        </technique_common>
      </source>
      <source id="swat_Spine-Matrix-animation-output-transform">
        <float_array id="swat_Spine-Matrix-animation-output-transform-array" count="304">

0.998537 -0.050937 -0.018146 0.000000 0.049961 0.997465 -0.050664 9.226300 0.020681 0.049683 0.998551 1.577100 0.000000 0.000000 0.000000 1.000000
0.999904 -0.013155 -0.004263 0.000000 0.012983 0.999190 -0.038093 9.226300 0.004761 0.038034 0.999265 1.577100 0.000000 0.000000 0.000000 1.000000
0.999502 0.028790 0.012949 0.000000 -0.028433 0.999233 -0.026935 9.226300 -0.013715 0.026553 0.999553 1.577100 0.000000 0.000000 0.000000 1.000000
0.997993 0.055046 0.031317 0.000000 -0.054435 0.998316 -0.020038 9.226300 -0.032367 0.018294 0.999309 1.577100 0.000000 0.000000 0.000000 1.000000
0.997666 0.054930 0.040553 0.000000 -0.054058 0.998289 -0.022303 9.226300 -0.041709 0.020059 0.998928 1.577100 0.000000 0.000000 0.000000 1.000000
0.998681 0.041945 0.029611 0.000000 -0.040962 0.998614 -0.033054 9.226300 -0.030956 0.031797 0.999015 1.577100 0.000000 0.000000 0.000000 1.000000
0.999824 0.018673 0.001735 0.000000 -0.018570 0.998695 -0.047574 9.226300 -0.002621 0.047533 0.998866 1.577100 0.000000 0.000000 0.000000 1.000000
0.999611 -0.002866 -0.027741 0.000000 0.001245 0.998300 -0.058277 9.226300 0.027861 0.058219 0.997915 1.577100 0.000000 0.000000 0.000000 1.000000
0.998694 -0.005834 -0.050761 0.000000 0.002706 0.998106 -0.061460 9.226300 0.051023 0.061242 0.996818 1.577100 0.000000 0.000000 0.000000 1.000000
0.997659 0.000486 -0.068384 0.000000 -0.004425 0.998338 -0.057456 9.226300 0.068243 0.057624 0.996003 1.577100 0.000000 0.000000 0.000000 1.000000
0.995843 -0.005058 -0.090950 0.000000 0.000442 0.998713 -0.050708 9.226300 0.091090 0.050457 0.994564 1.577100 0.000000 0.000000 0.000000 1.000000
0.992425 -0.014992 -0.121933 -0.000000 0.009524 0.998928 -0.045303 9.226300 0.122481 0.043799 0.991504 1.577100 0.000000 0.000000 0.000000 1.000000
0.988154 -0.011616 -0.153028 0.000000 0.005059 0.999055 -0.043164 9.226300 0.153385 0.041879 0.987279 1.577100 0.000000 0.000000 0.000000 1.000000
0.986393 0.004565 -0.164340 -0.000000 -0.012291 0.998865 -0.046022 9.226300 0.163943 0.047416 0.985330 1.577100 0.000000 0.000000 0.000000 1.000000
0.988713 -0.009921 -0.149490 0.000000 0.001445 0.998390 -0.056702 9.226300 0.149812 0.055846 0.987136 1.577100 0.000000 0.000000 0.000000 1.000000
0.992230 -0.041170 -0.117412 0.000000 0.033583 0.997263 -0.065874 9.226300 0.119802 0.061419 0.990896 1.577100 0.000000 0.000000 0.000000 1.000000
0.994989 -0.060786 -0.079387 -0.000000 0.055628 0.996291 -0.065641 9.226300 0.083083 0.060896 0.994680 1.577100 0.000000 0.000000 0.000000 1.000000
0.996887 -0.065708 -0.043567 0.000000 0.063057 0.996224 -0.059678 9.226300 0.047324 0.056745 0.997266 1.577100 0.000000 0.000000 0.000000 1.000000
0.998539 -0.050898 -0.018148 -0.000000 0.049923 0.997467 -0.050663 9.226300 0.020681 0.049683 0.998551 1.577100 0.000000 0.000000 0.000000 1.000000</float_array>
        <technique_common>
          <accessor source="#swat_Spine-Matrix-animation-output-transform-array" count="19" stride="16">
            <param type="float4x4"/>
          </accessor>
        </technique_common>
      </source>
      <source id="swat_Spine-Interpolations">
        <Name_array id="swat_Spine-Interpolations-array" count="19">
 LINEAR LINEAR LINEAR LINEAR LINEAR LINEAR LINEAR LINEAR LINEAR LINEAR LINEAR
LINEAR LINEAR LINEAR LINEAR LINEAR LINEAR LINEAR LINEAR</Name_array>
        <technique_common>
          <accessor source="#swat_Spine-Interpolations-array" count="19">
            <param type="name"/>
          </accessor>
        </technique_common>
      </source>
      <sampler id="swat_Spine-Matrix-animation-transform">
        <input semantic="INPUT" source="#swat_Spine-Matrix-animation-input"/>
        <input semantic="OUTPUT" source="#swat_Spine-Matrix-animation-output-transform"/>
        <input semantic="INTERPOLATION" source="#swat_Spine-Interpolations"/>
      </sampler>
      <channel source="#swat_Spine-Matrix-animation-transform" target="swat_Spine/matrix"/>
      <source id="swat_Spine1-Matrix-animation-input">
        <float_array id="swat_Spine1-Matrix-animation-input-array" count="19">

0.000000 0.033333 0.066667 0.100000 0.133333 0.166667 0.200000 0.233333 0.266667 0.300000 0.333333 0.366667 0.400000 0.433333 0.466667 0.500000
0.533333 0.566667 0.600000</float_array>
        <technique_common>
          <accessor source="#swat_Spine1-Matrix-animation-input-array" count="19">
            <param name="TIME" type="float"/>
          </accessor>
        </technique_common>
      </source>
      <source id="swat_Spine1-Matrix-animation-output-transform">
        <float_array id="swat_Spine1-Matrix-animation-output-transform-array" count="304">

0.947397 -0.036036 -0.318025 0.000000 0.020725 0.998463 -0.051399 16.254000 0.319389 0.042104 0.946688 -0.165600 0.000000 0.000000 0.000000 1.000000
0.951860 -0.017363 -0.306042 0.000000 0.007418 0.999407 -0.033631 16.254000 0.306444 0.029742 0.951424 -0.165600 0.000000 0.000000 0.000000 1.000000
0.955119 -0.001648 -0.296217 0.000000 -0.003802 0.999834 -0.017823 16.254000 0.296197 0.018149 0.954954 -0.165600 0.000000 0.000000 0.000000 1.000000
0.956521 0.006763 -0.291584 0.000000 -0.009398 0.999927 -0.007638 16.254000 0.291511 0.010046 0.956515 -0.165600 0.000000 0.000000 0.000000 1.000000
0.955213 0.008112 -0.295809 -0.000000 -0.011020 0.999906 -0.008164 16.254000 0.295715 0.011058 0.955212 -0.165600 0.000000 0.000000 0.000000 1.000000
0.951759 0.008053 -0.306742 0.000000 -0.014207 0.999740 -0.017838 16.254000 0.306519 0.021335 0.951625 -0.165600 0.000000 0.000000 0.000000 1.000000
0.947161 0.007019 -0.320682 0.000000 -0.018233 0.999322 -0.031980 16.254000 0.320240 0.036137 0.946647 -0.165600 0.000000 0.000000 0.000000 1.000000
0.942861 0.002825 -0.333175 -0.000000 -0.018511 0.998864 -0.043917 16.254000 0.332672 0.047575 0.941842 -0.165600 0.000000 0.000000 0.000000 1.000000
0.939338 -0.005623 -0.342948 0.000000 -0.012651 0.998617 -0.051025 16.254000 0.342760 0.052268 0.937968 -0.165600 0.000000 0.000000 0.000000 1.000000
0.936228 -0.018486 -0.350907 0.000000 -0.000243 0.998581 -0.053254 16.254000 0.351393 0.049943 0.934895 -0.165600 0.000000 0.000000 0.000000 1.000000
0.933108 -0.034505 -0.357938 -0.000000 0.016464 0.998441 -0.053327 16.254000 0.359220 0.043867 0.932221 -0.165600 0.000000 0.000000 0.000000 1.000000
0.930344 -0.048146 -0.363515 -0.000000 0.030649 0.998084 -0.053751 16.254000 0.365406 0.038866 0.930036 -0.165600 0.000000 0.000000 0.000000 1.000000
0.928865 -0.054989 -0.366315 -0.000000 0.037233 0.997772 -0.055368 16.254000 0.368543 0.037791 0.928842 -0.165600 0.000000 0.000000 0.000000 1.000000
0.929643 -0.054854 -0.364354 0.000000 0.035985 0.997646 -0.058382 16.254000 0.366699 0.041163 0.929429 -0.165600 0.000000 0.000000 0.000000 1.000000
0.932556 -0.053711 -0.357007 0.000000 0.032549 0.997352 -0.065029 16.254000 0.359555 0.049023 0.931835 -0.165600 0.000000 0.000000 0.000000 1.000000
0.936654 -0.053109 -0.346206 -0.000000 0.030601 0.997066 -0.070162 16.254000 0.348917 0.055124 0.935531 -0.165600 0.000000 0.000000 0.000000 1.000000
0.940647 -0.051249 -0.335495 0.000000 0.029812 0.997189 -0.068742 16.254000 0.338074 0.054660 0.939531 -0.165600 0.000000 0.000000 0.000000 1.000000
0.944157 -0.045898 -0.326285 0.000000 0.026997 0.997697 -0.062224 16.254000 0.328389 0.049941 0.943221 -0.165600 0.000000 0.000000 0.000000 1.000000
0.947397 -0.036036 -0.318025 -0.000000 0.020725 0.998463 -0.051399 16.254000 0.319389 0.042104 0.946688 -0.165600 0.000000 0.000000 0.000000 1.000000</float_array>
        <technique_common>
          <accessor source="#swat_Spine1-Matrix-animation-output-transform-array" count="19" stride="16">
            <param type="float4x4"/>
          </accessor>
        </technique_common>
      </source>
      <source id="swat_Spine1-Interpolations">
        <Name_array id="swat_Spine1-Interpolations-array" count="19">
 LINEAR LINEAR LINEAR LINEAR LINEAR LINEAR LINEAR LINEAR LINEAR LINEAR LINEAR
LINEAR LINEAR LINEAR LINEAR LINEAR LINEAR LINEAR LINEAR</Name_array>
        <technique_common>
          <accessor source="#swat_Spine1-Interpolations-array" count="19">
            <param type="name"/>
          </accessor>
        </technique_common>
      </source>
      <sampler id="swat_Spine1-Matrix-animation-transform">
        <input semantic="INPUT" source="#swat_Spine1-Matrix-animation-input"/>
        <input semantic="OUTPUT" source="#swat_Spine1-Matrix-animation-output-transform"/>
        <input semantic="INTERPOLATION" source="#swat_Spine1-Interpolations"/>
      </sampler>
      <channel source="#swat_Spine1-Matrix-animation-transform" target="swat_Spine1/matrix"/>
      <source id="swat_Spine2-Matrix-animation-input">
        <float_array id="swat_Spine2-Matrix-animation-input-array" count="19">

0.000000 0.033333 0.066667 0.100000 0.133333 0.166667 0.200000 0.233333 0.266667 0.300000 0.333333 0.366667 0.400000 0.433333 0.466667 0.500000
0.533333 0.566667 0.600000</float_array>
        <technique_common>
          <accessor source="#swat_Spine2-Matrix-animation-input-array" count="19">
            <param name="TIME" type="float"/>
          </accessor>
        </technique_common>
      </source>
      <source id="swat_Spine2-Matrix-animation-output-transform">
        <float_array id="swat_Spine2-Matrix-animation-output-transform-array" count="304">

0.986918 -0.077106 -0.141591 0.000000 0.069559 0.995919 -0.057506 13.639600 0.145447 0.046905 0.988254 -1.292300 0.000000 0.000000 0.000000 1.000000
0.989854 -0.058916 -0.129297 0.000000 0.053853 0.997652 -0.042307 13.639600 0.131486 0.034915 0.990703 -1.292300 0.000000 0.000000 0.000000 1.000000
0.991894 -0.043551 -0.119372 0.000000 0.040394 0.998770 -0.028743 13.639600 0.120477 0.023688 0.992433 -1.292300 0.000000 0.000000 0.000000 1.000000
0.992764 -0.035293 -0.114781 0.000000 0.033249 0.999253 -0.019676 13.639600 0.115390 0.015718 0.993196 -1.292300 0.000000 0.000000 0.000000 1.000000
0.992284 -0.034002 -0.119230 0.000000 0.031801 0.999288 -0.020314 13.639600 0.119836 0.016366 0.992659 -1.292300 0.000000 0.000000 0.000000 1.000000
0.990855 -0.034190 -0.130530 0.000000 0.030486 0.999077 -0.030270 13.639600 0.131444 0.026014 0.990982 -1.292300 0.000000 0.000000 0.000000 1.000000
0.988845 -0.035273 -0.144711 0.000000 0.029041 0.998567 -0.044952 13.639600 0.146089 0.040248 0.988452 -1.292300 0.000000 0.000000 0.000000 1.000000
0.986789 -0.039203 -0.157196 -0.000000 0.030585 0.997913 -0.056877 13.639600 0.159097 0.051318 0.985928 -1.292300 0.000000 0.000000 0.000000 1.000000
0.984804 -0.047249 -0.167120 0.000000 0.037191 0.997332 -0.062814 13.639600 0.169642 0.055644 0.983934 -1.292300 0.000000 0.000000 0.000000 1.000000
0.982651 -0.059825 -0.175550 0.000000 0.049520 0.996815 -0.062510 13.639600 0.178730 0.052732 0.982484 -1.292300 0.000000 0.000000 0.000000 1.000000
0.980182 -0.075668 -0.183077 0.000000 0.065818 0.996068 -0.059306 13.639600 0.186845 0.046081 0.981308 -1.292300 0.000000 0.000000 0.000000 1.000000
0.977905 -0.089198 -0.189065 0.000000 0.079732 0.995179 -0.057109 13.639600 0.193248 0.040773 0.980302 -1.292300 0.000000 0.000000 0.000000 1.000000
0.976641 -0.096080 -0.192199 0.000000 0.086527 0.994588 -0.057514 13.639600 0.196685 0.039540 0.979669 -1.292300 0.000000 0.000000 0.000000 1.000000
0.977003 -0.096188 -0.190295 0.000000 0.086118 0.994445 -0.060519 13.639600 0.195059 0.042739 0.979860 -1.292300 0.000000 0.000000 0.000000 1.000000
0.978584 -0.095007 -0.182610 0.000000 0.083946 0.994189 -0.067394 13.639600 0.187952 0.050622 0.980873 -1.292300 0.000000 0.000000 0.000000 1.000000
0.980728 -0.094132 -0.171207 0.000000 0.082683 0.993911 -0.072831 13.639600 0.177020 0.057271 0.982539 -1.292300 0.000000 0.000000 0.000000 1.000000
0.982832 -0.092052 -0.159898 -0.000000 0.081362 0.994068 -0.072173 13.639600 0.165593 0.057925 0.984492 -1.292300 0.000000 0.000000 0.000000 1.000000
0.984847 -0.086697 -0.150197 0.000000 0.077364 0.994755 -0.066911 13.639600 0.155211 0.054277 0.986389 -1.292300 0.000000 0.000000 0.000000 1.000000
0.986918 -0.077106 -0.141591 0.000000 0.069559 0.995919 -0.057506 13.639600 0.145447 0.046905 0.988254 -1.292300 0.000000 0.000000 0.000000 1.000000</float_array>
        <technique_common>
          <accessor source="#swat_Spine2-Matrix-animation-output-transform-array" count="19" stride="16">
            <param type="float4x4"/>
          </accessor>
        </technique_common>
      </source>
      <source id="swat_Spine2-Interpolations">
        <Name_array id="swat_Spine2-Interpolations-array" count="19">
 LINEAR LINEAR LINEAR LINEAR LINEAR LINEAR LINEAR LINEAR LINEAR LINEAR LINEAR
LINEAR LINEAR LINEAR LINEAR LINEAR LINEAR LINEAR LINEAR</Name_array>
        <technique_common>
          <accessor source="#swat_Spine2-Interpolations-array" count="19">
            <param type="name"/>
          </accessor>
        </technique_common>
      </source>
      <sampler id="swat_Spine2-Matrix-animation-transform">
        <input semantic="INPUT" source="#swat_Spine2-Matrix-animation-input"/>
        <input semantic="OUTPUT" source="#swat_Spine2-Matrix-animation-output-transform"/>
        <input semantic="INTERPOLATION" source="#swat_Spine2-Interpolations"/>
      </sampler>
      <channel source="#swat_Spine2-Matrix-animation-transform" target="swat_Spine2/matrix"/>
      <source id="swat_Neck-Matrix-animation-input">
        <float_array id="swat_Neck-Matrix-animation-input-array" count="19">

0.000000 0.033333 0.066667 0.100000 0.133333 0.166667 0.200000 0.233333 0.266667 0.300000 0.333333 0.366667 0.400000 0.433333 0.466667 0.500000
0.533333 0.566667 0.600000</float_array>
        <technique_common>
          <accessor source="#swat_Neck-Matrix-animation-input-array" count="19">
            <param name="TIME" type="float"/>
          </accessor>
        </technique_common>
      </source>
      <source id="swat_Neck-Matrix-animation-output-transform">
        <float_array id="swat_Neck-Matrix-animation-output-transform-array" count="304">

0.997995 0.044779 0.044739 0.000000 -0.042157 0.997430 -0.057930 13.877400 -0.047218 0.055927 0.997318 -4.354200 0.000000 0.000000 0.000000 1.000000
0.998225 0.041894 0.042320 0.000000 -0.039332 0.997443 -0.059671 13.877400 -0.044712 0.057901 0.997321 -4.354200 0.000000 0.000000 0.000000 1.000000
0.998432 0.037976 0.041127 0.000000 -0.035393 0.997459 -0.061831 13.877400 -0.043370 0.060278 0.997239 -4.354200 0.000000 0.000000 0.000000 1.000000
0.998574 0.034366 0.040856 0.000000 -0.031719 0.997460 -0.063772 13.877400 -0.042944 0.062385 0.997128 -4.354200 0.000000 0.000000 0.000000 1.000000
0.998625 0.031663 0.041785 0.000000 -0.028958 0.997542 -0.063814 13.877400 -0.043703 0.062516 0.997087 -4.354200 0.000000 0.000000 0.000000 1.000000
0.998612 0.028792 0.044101 0.000000 -0.026085 0.997810 -0.060779 13.877400 -0.045755 0.059544 0.997177 -4.354200 0.000000 0.000000 0.000000 1.000000
0.998527 0.026182 0.047524 -0.000000 -0.023559 0.998212 -0.054933 13.877400 -0.048877 0.053733 0.997358 -4.354200 0.000000 0.000000 0.000000 1.000000
0.998365 0.024694 0.051544 0.000000 -0.022220 0.998599 -0.048021 13.877400 -0.052657 0.046797 0.997516 -4.354200 0.000000 0.000000 0.000000 1.000000
0.998166 0.024298 0.055446 0.000000 -0.021948 0.998851 -0.042601 13.877400 -0.056417 0.041306 0.997552 -4.354200 0.000000 0.000000 0.000000 1.000000
0.997951 0.025613 0.058627 0.000000 -0.023240 0.998897 -0.040807 13.877400 -0.059608 0.039361 0.997446 -4.354200 0.000000 0.000000 0.000000 1.000000
0.997714 0.029635 0.060736 -0.000000 -0.027037 0.998702 -0.043164 13.877400 -0.061937 0.041424 0.997220 -4.354200 0.000000 0.000000 0.000000 1.000000
0.997471 0.034384 0.062203 0.000000 -0.031462 0.998382 -0.047370 13.877400 -0.063731 0.045293 0.996939 -4.354200 0.000000 0.000000 0.000000 1.000000
0.997309 0.037333 0.063088 0.000000 -0.034091 0.998081 -0.051701 13.877400 -0.064897 0.049411 0.996668 -4.354200 0.000000 0.000000 0.000000 1.000000
0.997312 0.038287 0.062470 0.000000 -0.034841 0.997859 -0.055347 13.877400 -0.064456 0.053022 0.996511 -4.354200 0.000000 0.000000 0.000000 1.000000
0.997411 0.040089 0.059699 0.000000 -0.036763 0.997765 -0.055802 13.877400 -0.061803 0.053462 0.996655 -4.354200 0.000000 0.000000 0.000000 1.000000
0.997544 0.042841 0.055416 0.000000 -0.039806 0.997705 -0.054767 13.877400 -0.057635 0.052427 0.996960 -4.354200 0.000000 0.000000 0.000000 1.000000
0.997681 0.044900 0.051150 0.000000 -0.042112 0.997635 -0.054330 13.877400 -0.053468 0.052050 0.997212 -4.354200 0.000000 0.000000 0.000000 1.000000
0.997827 0.045533 0.047616 0.000000 -0.042888 0.997555 -0.055174 13.877400 -0.050012 0.053012 0.997341 -4.354200 0.000000 0.000000 0.000000 1.000000
0.997995 0.044779 0.044739 0.000000 -0.042157 0.997430 -0.057930 13.877400 -0.047218 0.055927 0.997318 -4.354200 0.000000 0.000000 0.000000 1.000000</float_array>
        <technique_common>
          <accessor source="#swat_Neck-Matrix-animation-output-transform-array" count="19" stride="16">
            <param type="float4x4"/>
          </accessor>
        </technique_common>
      </source>
      <source id="swat_Neck-Interpolations">
        <Name_array id="swat_Neck-Interpolations-array" count="19">
 LINEAR LINEAR LINEAR LINEAR LINEAR LINEAR LINEAR LINEAR LINEAR LINEAR LINEAR
LINEAR LINEAR LINEAR LINEAR LINEAR LINEAR LINEAR LINEAR</Name_array>
        <technique_common>
          <accessor source="#swat_Neck-Interpolations-array" count="19">
            <param type="name"/>
          </accessor>
        </technique_common>
      </source>
      <sampler id="swat_Neck-Matrix-animation-transform">
        <input semantic="INPUT" source="#swat_Neck-Matrix-animation-input"/>
        <input semantic="OUTPUT" source="#swat_Neck-Matrix-animation-output-transform"/>
        <input semantic="INTERPOLATION" source="#swat_Neck-Interpolations"/>
      </sampler>
      <channel source="#swat_Neck-Matrix-animation-transform" target="swat_Neck/matrix"/>
      <source id="swat_Neck1-Matrix-animation-input">
        <float_array id="swat_Neck1-Matrix-animation-input-array" count="19">

0.000000 0.033333 0.066667 0.100000 0.133333 0.166667 0.200000 0.233333 0.266667 0.300000 0.333333 0.366667 0.400000 0.433333 0.466667 0.500000
0.533333 0.566667 0.600000</float_array>
        <technique_common>
          <accessor source="#swat_Neck1-Matrix-animation-input-array" count="19">
            <param name="TIME" type="float"/>
          </accessor>
        </technique_common>
      </source>
      <source id="swat_Neck1-Matrix-animation-output-transform">
        <float_array id="swat_Neck1-Matrix-animation-output-transform-array" count="304">

0.997995 0.044779 0.044739 0.000000 -0.042157 0.997430 -0.057930 4.340000 -0.047218 0.055928 0.997318 0.926900 0.000000 0.000000 0.000000 1.000000
0.998225 0.041895 0.042320 0.000000 -0.039332 0.997443 -0.059671 4.340000 -0.044712 0.057901 0.997321 0.926900 0.000000 0.000000 0.000000 1.000000
0.998432 0.037976 0.041126 0.000000 -0.035392 0.997459 -0.061831 4.340000 -0.043370 0.060278 0.997239 0.926900 0.000000 0.000000 0.000000 1.000000
0.998574 0.034366 0.040856 0.000000 -0.031719 0.997460 -0.063772 4.340000 -0.042944 0.062385 0.997128 0.926900 0.000000 0.000000 0.000000 1.000000
0.998625 0.031663 0.041785 0.000000 -0.028958 0.997542 -0.063814 4.340000 -0.043702 0.062516 0.997087 0.926900 0.000000 0.000000 0.000000 1.000000
0.998612 0.028791 0.044101 0.000000 -0.026084 0.997810 -0.060778 4.340000 -0.045754 0.059544 0.997177 0.926900 0.000000 0.000000 0.000000 1.000000
0.998527 0.026181 0.047524 0.000000 -0.023559 0.998212 -0.054933 4.340000 -0.048877 0.053733 0.997358 0.926900 0.000000 0.000000 0.000000 1.000000
0.998365 0.024693 0.051544 0.000000 -0.022220 0.998599 -0.048021 4.340000 -0.052658 0.046797 0.997516 0.926900 0.000000 0.000000 0.000000 1.000000
0.998166 0.024297 0.055446 -0.000000 -0.021948 0.998851 -0.042600 4.340000 -0.056417 0.041305 0.997553 0.926900 0.000000 0.000000 0.000000 1.000000
0.997951 0.025614 0.058627 -0.000000 -0.023241 0.998897 -0.040809 4.340000 -0.059608 0.039363 0.997445 0.926900 0.000000 0.000000 0.000000 1.000000
0.997714 0.029635 0.060736 0.000000 -0.027037 0.998702 -0.043164 4.340000 -0.061937 0.041423 0.997220 0.926900 0.000000 0.000000 0.000000 1.000000
0.997471 0.034385 0.062203 0.000000 -0.031462 0.998382 -0.047373 4.340000 -0.063732 0.045296 0.996939 0.926900 0.000000 0.000000 0.000000 1.000000
0.997310 0.037333 0.063087 0.000000 -0.034091 0.998081 -0.051701 4.340000 -0.064896 0.049411 0.996668 0.926900 0.000000 0.000000 0.000000 1.000000
0.997312 0.038287 0.062470 0.000000 -0.034841 0.997859 -0.055347 4.340000 -0.064456 0.053022 0.996511 0.926900 0.000000 0.000000 0.000000 1.000000
0.997411 0.040089 0.059699 0.000000 -0.036763 0.997765 -0.055802 4.340000 -0.061803 0.053462 0.996655 0.926900 0.000000 0.000000 0.000000 1.000000
0.997544 0.042841 0.055416 0.000000 -0.039805 0.997705 -0.054767 4.340000 -0.057635 0.052427 0.996960 0.926900 0.000000 0.000000 0.000000 1.000000
0.997681 0.044900 0.051149 0.000000 -0.042112 0.997635 -0.054330 4.340000 -0.053468 0.052050 0.997212 0.926900 0.000000 0.000000 0.000000 1.000000
0.997827 0.045533 0.047616 0.000000 -0.042887 0.997555 -0.055171 4.340000 -0.050012 0.053009 0.997341 0.926900 0.000000 0.000000 0.000000 1.000000
0.997995 0.044780 0.044739 -0.000000 -0.042158 0.997430 -0.057933 4.340000 -0.047218 0.055930 0.997318 0.926900 0.000000 0.000000 0.000000 1.000000</float_array>
        <technique_common>
          <accessor source="#swat_Neck1-Matrix-animation-output-transform-array" count="19" stride="16">
            <param type="float4x4"/>
          </accessor>
        </technique_common>
      </source>
      <source id="swat_Neck1-Interpolations">
        <Name_array id="swat_Neck1-Interpolations-array" count="19">
 LINEAR LINEAR LINEAR LINEAR LINEAR LINEAR LINEAR LINEAR LINEAR LINEAR LINEAR
LINEAR LINEAR LINEAR LINEAR LINEAR LINEAR LINEAR LINEAR</Name_array>
        <technique_common>
          <accessor source="#swat_Neck1-Interpolations-array" count="19">
            <param type="name"/>
          </accessor>
        </technique_common>
      </source>
      <sampler id="swat_Neck1-Matrix-animation-transform">
        <input semantic="INPUT" source="#swat_Neck1-Matrix-animation-input"/>
        <input semantic="OUTPUT" source="#swat_Neck1-Matrix-animation-output-transform"/>
        <input semantic="INTERPOLATION" source="#swat_Neck1-Interpolations"/>
      </sampler>
      <channel source="#swat_Neck1-Matrix-animation-transform" target="swat_Neck1/matrix"/>
      <source id="swat_Head-Matrix-animation-input">
        <float_array id="swat_Head-Matrix-animation-input-array" count="19">

0.000000 0.033333 0.066667 0.100000 0.133333 0.166667 0.200000 0.233333 0.266667 0.300000 0.333333 0.366667 0.400000 0.433333 0.466667 0.500000
0.533333 0.566667 0.600000</float_array>
        <technique_common>
          <accessor source="#swat_Head-Matrix-animation-input-array" count="19">
            <param name="TIME" type="float"/>
          </accessor>
        </technique_common>
      </source>
      <source id="swat_Head-Matrix-animation-output-transform">
        <float_array id="swat_Head-Matrix-animation-output-transform-array" count="304">

0.997995 0.044779 0.044739 0.000000 -0.042157 0.997430 -0.057929 4.026600 -0.047218 0.055927 0.997318 0.858500 0.000000 0.000000 0.000000 1.000000
0.998225 0.041894 0.042320 0.000000 -0.039332 0.997443 -0.059671 4.026600 -0.044712 0.057901 0.997321 0.858500 0.000000 0.000000 0.000000 1.000000
0.998432 0.037976 0.041126 0.000000 -0.035392 0.997459 -0.061830 4.026600 -0.043370 0.060278 0.997239 0.858500 0.000000 0.000000 0.000000 1.000000
0.998574 0.034366 0.040856 0.000000 -0.031719 0.997460 -0.063772 4.026600 -0.042944 0.062385 0.997128 0.858500 0.000000 0.000000 0.000000 1.000000
0.998625 0.031663 0.041785 0.000000 -0.028958 0.997542 -0.063814 4.026600 -0.043703 0.062516 0.997087 0.858500 0.000000 0.000000 0.000000 1.000000
0.998612 0.028792 0.044101 -0.000000 -0.026085 0.997810 -0.060779 4.026600 -0.045755 0.059544 0.997177 0.858500 0.000000 0.000000 0.000000 1.000000
0.998527 0.026182 0.047523 -0.000000 -0.023559 0.998212 -0.054934 4.026600 -0.048877 0.053734 0.997358 0.858500 0.000000 0.000000 0.000000 1.000000
0.998365 0.024694 0.051544 0.000000 -0.022220 0.998599 -0.048021 4.026600 -0.052658 0.046797 0.997516 0.858500 0.000000 0.000000 0.000000 1.000000
0.998166 0.024298 0.055446 0.000000 -0.021948 0.998851 -0.042601 4.026600 -0.056417 0.041306 0.997552 0.858500 0.000000 0.000000 0.000000 1.000000
0.997951 0.025612 0.058628 0.000000 -0.023239 0.998897 -0.040805 4.026600 -0.059608 0.039359 0.997446 0.858500 0.000000 0.000000 0.000000 1.000000
0.997714 0.029635 0.060736 -0.000000 -0.027036 0.998702 -0.043164 4.026600 -0.061937 0.041424 0.997220 0.858500 0.000000 0.000000 0.000000 1.000000
0.997471 0.034384 0.062204 0.000000 -0.031461 0.998382 -0.047368 4.026600 -0.063732 0.045291 0.996939 0.858500 0.000000 0.000000 0.000000 1.000000
0.997309 0.037333 0.063088 0.000000 -0.034091 0.998081 -0.051701 4.026600 -0.064897 0.049411 0.996668 0.858500 0.000000 0.000000 0.000000 1.000000
0.997312 0.038287 0.062470 0.000000 -0.034841 0.997859 -0.055347 4.026600 -0.064456 0.053022 0.996511 0.858500 0.000000 0.000000 0.000000 1.000000
0.997411 0.040089 0.059699 0.000000 -0.036763 0.997765 -0.055802 4.026600 -0.061803 0.053462 0.996656 0.858500 0.000000 0.000000 0.000000 1.000000
0.997544 0.042841 0.055416 0.000000 -0.039806 0.997705 -0.054767 4.026600 -0.057635 0.052427 0.996960 0.858500 0.000000 0.000000 0.000000 1.000000
0.997681 0.044900 0.051149 -0.000000 -0.042112 0.997635 -0.054331 4.026600 -0.053468 0.052051 0.997212 0.858500 0.000000 0.000000 0.000000 1.000000
0.997827 0.045533 0.047616 -0.000000 -0.042888 0.997555 -0.055177 4.026600 -0.050012 0.053015 0.997341 0.858500 0.000000 0.000000 0.000000 1.000000
0.997995 0.044779 0.044739 0.000000 -0.042157 0.997430 -0.057928 4.026600 -0.047218 0.055926 0.997318 0.858500 0.000000 0.000000 0.000000 1.000000</float_array>
        <technique_common>
          <accessor source="#swat_Head-Matrix-animation-output-transform-array" count="19" stride="16">
            <param type="float4x4"/>
          </accessor>
        </technique_common>
      </source>
      <source id="swat_Head-Interpolations">
        <Name_array id="swat_Head-Interpolations-array" count="19">
 LINEAR LINEAR LINEAR LINEAR LINEAR LINEAR LINEAR LINEAR LINEAR LINEAR LINEAR
LINEAR LINEAR LINEAR LINEAR LINEAR LINEAR LINEAR LINEAR</Name_array>
        <technique_common>
          <accessor source="#swat_Head-Interpolations-array" count="19">
            <param type="name"/>
          </accessor>
        </technique_common>
      </source>
      <sampler id="swat_Head-Matrix-animation-transform">
        <input semantic="INPUT" source="#swat_Head-Matrix-animation-input"/>
        <input semantic="OUTPUT" source="#swat_Head-Matrix-animation-output-transform"/>
        <input semantic="INTERPOLATION" source="#swat_Head-Interpolations"/>
      </sampler>
      <channel source="#swat_Head-Matrix-animation-transform" target="swat_Head/matrix"/>
      <source id="swat_LeftShoulder-Matrix-animation-input">
        <float_array id="swat_LeftShoulder-Matrix-animation-input-array" count="19">

0.000000 0.033333 0.066667 0.100000 0.133333 0.166667 0.200000 0.233333 0.266667 0.300000 0.333333 0.366667 0.400000 0.433333 0.466667 0.500000
0.533333 0.566667 0.600000</float_array>
        <technique_common>
          <accessor source="#swat_LeftShoulder-Matrix-animation-input-array" count="19">
            <param name="TIME" type="float"/>
          </accessor>
        </technique_common>
      </source>
      <source id="swat_LeftShoulder-Matrix-animation-output-transform">
        <float_array id="swat_LeftShoulder-Matrix-animation-output-transform-array" count="304">

0.976122 0.200778 0.082913 6.144200 -0.196066 0.978654 -0.061607 10.187000 -0.093512 0.043879 0.994651 -3.793200 0.000000 0.000000 0.000000 1.000000
0.977231 0.200045 0.070718 6.144200 -0.196496 0.979012 -0.054079 10.187000 -0.080052 0.038952 0.996029 -3.793200 0.000000 0.000000 0.000000 1.000000
0.977506 0.209220 0.026645 6.144200 -0.208075 0.977283 -0.040277 10.187000 -0.034466 0.033826 0.998833 -3.793200 0.000000 0.000000 0.000000 1.000000
0.974312 0.222103 -0.037238 6.144200 -0.222973 0.974597 -0.021071 10.187000 0.031613 0.028833 0.999084 -3.793200 0.000000 0.000000 0.000000 1.000000
0.967138 0.229842 -0.108709 6.144200 -0.231137 0.972921 0.000703 10.187000 0.105927 0.024447 0.994073 -3.793200 0.000000 0.000000 0.000000 1.000000
0.959375 0.225585 -0.169444 6.144200 -0.225705 0.974014 0.018812 10.187000 0.169285 0.020196 0.985360 -3.793200 0.000000 0.000000 0.000000 1.000000
0.957360 0.208717 -0.199749 6.144200 -0.207527 0.977853 0.027116 10.187000 0.200985 0.015494 0.979472 -3.793200 0.000000 0.000000 0.000000 1.000000
0.961530 0.186643 -0.201557 6.144200 -0.184795 0.982375 0.028118 10.187000 0.203253 0.010210 0.979073 -3.793200 0.000000 0.000000 0.000000 1.000000
0.964774 0.170023 -0.200755 6.144200 -0.167638 0.985423 0.028949 10.187000 0.202750 0.005725 0.979214 -3.793200 0.000000 0.000000 0.000000 1.000000
0.965464 0.165618 -0.201122 6.144200 -0.163098 0.986179 0.029156 10.187000 0.203171 0.004654 0.979132 -3.793200 0.000000 0.000000 0.000000 1.000000
0.962436 0.180058 -0.203212 6.144200 -0.178027 0.983616 0.028384 10.187000 0.204994 0.008860 0.978723 -3.793200 0.000000 0.000000 0.000000 1.000000
0.956775 0.207144 -0.204142 6.144200 -0.206005 0.978177 0.027057 10.187000 0.205291 0.016166 0.978567 -3.793200 0.000000 0.000000 0.000000 1.000000
0.950351 0.235396 -0.203524 6.144200 -0.235164 0.971616 0.025682 10.187000 0.203793 0.023455 0.978733 -3.793200 0.000000 0.000000 0.000000 1.000000
0.951325 0.249250 -0.181259 6.144200 -0.250419 0.967992 0.016780 10.187000 0.179640 0.029428 0.983292 -3.793200 0.000000 0.000000 0.000000 1.000000
0.960739 0.244439 -0.131266 6.144200 -0.246784 0.969069 -0.001650 10.187000 0.126803 0.033979 0.991346 -3.793200 0.000000 0.000000 0.000000 1.000000
0.972149 0.225123 -0.065165 6.144200 -0.226973 0.973642 -0.022440 10.187000 0.058396 0.036605 0.997622 -3.793200 0.000000 0.000000 0.000000 1.000000
0.978948 0.204070 0.003968 6.144200 -0.203757 0.978217 -0.039671 10.187000 -0.011978 0.038027 0.999205 -3.793200 0.000000 0.000000 0.000000 1.000000
0.979081 0.194836 0.058649 6.144200 -0.191850 0.979998 -0.052881 10.187000 -0.067779 0.040523 0.996877 -3.793200 0.000000 0.000000 0.000000 1.000000
0.976122 0.200778 0.082913 6.144200 -0.196066 0.978654 -0.061607 10.187000 -0.093512 0.043879 0.994651 -3.793200 0.000000 0.000000 0.000000 1.000000</float_array>
        <technique_common>
          <accessor source="#swat_LeftShoulder-Matrix-animation-output-transform-array" count="19" stride="16">
            <param type="float4x4"/>
          </accessor>
        </technique_common>
      </source>
      <source id="swat_LeftShoulder-Interpolations">
        <Name_array id="swat_LeftShoulder-Interpolations-array" count="19">
 LINEAR LINEAR LINEAR LINEAR LINEAR LINEAR LINEAR LINEAR LINEAR LINEAR LINEAR
LINEAR LINEAR LINEAR LINEAR LINEAR LINEAR LINEAR LINEAR</Name_array>
        <technique_common>
          <accessor source="#swat_LeftShoulder-Interpolations-array" count="19">
            <param type="name"/>
          </accessor>
        </technique_common>
      </source>
      <sampler id="swat_LeftShoulder-Matrix-animation-transform">
        <input semantic="INPUT" source="#swat_LeftShoulder-Matrix-animation-input"/>
        <input semantic="OUTPUT" source="#swat_LeftShoulder-Matrix-animation-output-transform"/>
        <input semantic="INTERPOLATION" source="#swat_LeftShoulder-Interpolations"/>
      </sampler>
      <channel source="#swat_LeftShoulder-Matrix-animation-transform" target="swat_LeftShoulder/matrix"/>
      <source id="swat_LeftArm-Matrix-animation-input">
        <float_array id="swat_LeftArm-Matrix-animation-input-array" count="19">

0.000000 0.033333 0.066667 0.100000 0.133333 0.166667 0.200000 0.233333 0.266667 0.300000 0.333333 0.366667 0.400000 0.433333 0.466667 0.500000
0.533333 0.566667 0.600000</float_array>
        <technique_common>
          <accessor source="#swat_LeftArm-Matrix-animation-input-array" count="19">
            <param name="TIME" type="float"/>
          </accessor>
        </technique_common>
      </source>
      <source id="swat_LeftArm-Matrix-animation-output-transform">
        <float_array id="swat_LeftArm-Matrix-animation-output-transform-array" count="304">

0.534090 0.645181 -0.546342 12.319100 -0.170363 0.715108 0.677936 -1.113000 0.828085 -0.269002 0.491847 -1.793500 0.000000 0.000000 0.000000 1.000000
0.512762 0.620812 -0.593015 12.319100 -0.168504 0.750072 0.639530 -1.113000 0.841832 -0.228001 0.489218 -1.793500 0.000000 0.000000 0.000000 1.000000
0.541935 0.574267 -0.613615 12.319100 -0.172582 0.790612 0.587493 -1.113000 0.822509 -0.212485 0.527569 -1.793500 0.000000 0.000000 0.000000 1.000000
0.603775 0.523218 -0.601414 12.319100 -0.174942 0.823028 0.540389 -1.113000 0.777722 -0.221060 0.588456 -1.793500 0.000000 0.000000 0.000000 1.000000
0.669383 0.493876 -0.554989 12.319100 -0.174619 0.830705 0.528619 -1.113000 0.722104 -0.256937 0.642300 -1.793500 0.000000 0.000000 0.000000 1.000000
0.721607 0.489792 -0.489273 12.319100 -0.178217 0.814336 0.552355 -1.113000 0.668971 -0.311386 0.674919 -1.793500 0.000000 0.000000 0.000000 1.000000
0.747749 0.503434 -0.432927 12.319100 -0.182340 0.782642 0.595166 -1.113000 0.638454 -0.366095 0.677016 -1.793500 0.000000 0.000000 0.000000 1.000000
0.761114 0.515013 -0.394294 12.319100 -0.178014 0.750416 0.636543 -1.113000 0.623712 -0.414292 0.662831 -1.793500 0.000000 0.000000 0.000000 1.000000
0.780863 0.510865 -0.359541 12.319100 -0.166615 0.725005 0.668287 -1.113000 0.602073 -0.461936 0.651248 -1.793500 0.000000 0.000000 0.000000 1.000000
0.801635 0.506270 -0.317918 12.319100 -0.170552 0.703379 0.690050 -1.113000 0.572969 -0.498947 0.650199 -1.793500 0.000000 0.000000 0.000000 1.000000
