<?xml version="1.0" encoding="utf-8"?>
<COLLADA xmlns="http://www.collada.org/2005/11/COLLADASchema" version="1.4.1">
  <asset>
    <contributor>
      <author>Mixamo</author>
      <authoring_tool>COLLADA Mixamo exporter</authoring_tool>
      <comments/>
    </contributor>
    <created>2019-04-10T02:10:14Z</created>
    <modified>2019-04-10T02:10:14Z</modified>
    <revision/>
    <title/>
    <unit meter="0.010000"/>
    <up_axis>Y_UP</up_axis>
  </asset>
  <library_animations>
    <animation>
      <source id="swat_Hips-Matrix-animation-input">
        <float_array id="swat_Hips-Matrix-animation-input-array" count="61">

0.000000 0.033333 0.066667 0.100000 0.133333 0.166667 0.200000 0.233333 0.266667 0.300000 0.333333 0.366667 0.400000 0.433333 0.466667 0.500000
0.533333 0.566667 0.600000 0.633333 0.666667 0.700000 0.733333 0.766667 0.800000 0.833333 0.866667 0.900000 0.933333 0.966667 1.000000 1.033333
1.066667 1.100000 1.133333 1.166667 1.200000 1.233333 1.266667 1.300000 1.333333 1.366667 1.400000 1.433333 1.466667 1.500000 1.533333 1.566667
1.600000 1.633333 1.666667 1.700000 1.733333 1.766667 1.800000 1.833333 1.866667 1.900000 1.933333 1.966667 2.000000</float_array>
        <technique_common>
          <accessor source="#swat_Hips-Matrix-animation-input-array" count="61">
            <param name="TIME" type="float"/>
          </accessor>
        </technique_common>
      </source>
      <source id="swat_Hips-Matrix-animation-output-transform">
        <float_array id="swat_Hips-Matrix-animation-output-transform-array" count="976">

0.586013 0.041323 -0.809248 -0.017037 -0.106838 0.993920 -0.026613 91.667213 0.803228 0.102054 0.586865 0.056325 0.000000 0.000000 0.000000 1.000000
0.583637 0.032604 -0.811360 0.253388 -0.108434 0.993374 -0.038082 91.686653 0.804742 0.110204 0.583306 -0.215460 0.000000 0.000000 0.000000 1.000000
0.579723 0.014948 -0.814677 0.746732 -0.111562 0.991872 -0.061187 91.630005 0.807140 0.126358 0.576679 -0.676220 0.000000 0.000000 0.000000 1.000000
0.576452 -0.010915 -0.817058 1.494660 -0.120101 0.987920 -0.097931 91.304924 0.808257 0.154582 0.568177 -1.396658 0.000000 0.000000 0.000000 1.000000
0.576191 -0.041478 -0.816262 2.438913 -0.135537 0.980034 -0.145474 90.463394 0.805999 0.194455 0.559065 -2.343085 0.000000 0.000000 0.000000 1.000000
0.578646 -0.072666 -0.812335 3.474815 -0.155691 0.967865 -0.197480 88.935661 0.800580 0.240744 0.548738 -3.342203 0.000000 0.000000 0.000000 1.000000
0.580832 -0.105579 -0.807147 4.547677 -0.172870 0.952938 -0.249048 86.678696 0.795456 0.284187 0.535246 -4.252209 0.000000 0.000000 0.000000 1.000000
0.578957 -0.140962 -0.803080 5.635653 -0.184943 0.936567 -0.297721 83.660744 0.794106 0.320892 0.516163 -5.027096 0.000000 0.000000 0.000000 1.000000
0.572811 -0.175011 -0.800786 6.608787 -0.193800 0.920327 -0.339764 79.767220 0.796448 0.349814 0.493256 -5.602211 0.000000 0.000000 0.000000 1.000000
0.563580 -0.202811 -0.800778 7.290244 -0.199704 0.907187 -0.370310 75.262680 0.801558 0.368618 0.470770 -5.899751 0.000000 0.000000 0.000000 1.000000
0.553124 -0.224111 -0.802389 7.629749 -0.197620 0.900352 -0.387701 70.445694 0.809321 0.373015 0.453718 -5.868568 0.000000 0.000000 0.000000 1.000000
0.543129 -0.240726 -0.804402 7.723897 -0.188347 0.898678 -0.396110 65.656067 0.818252 0.366646 0.442758 -5.597131 0.000000 0.000000 0.000000 1.000000
0.533905 -0.253750 -0.806571 7.655289 -0.176499 0.899448 -0.399802 61.230846 0.826918 0.355815 0.435433 -5.204272 0.000000 0.000000 0.000000 1.000000
0.524727 -0.260280 -0.810503 7.436074 -0.165865 0.902602 -0.397239 57.492710 0.834955 0.342877 0.430448 -4.744947 0.000000 0.000000 0.000000 1.000000
0.516305 -0.257154 -0.816885 7.056405 -0.158845 0.908547 -0.386406 54.759811 0.841545 0.329262 0.428240 -4.249165 0.000000 0.000000 0.000000 1.000000
0.509767 -0.245018 -0.824684 6.528820 -0.157495 0.915809 -0.369445 53.298134 0.845774 0.318215 0.428260 -3.743622 0.000000 0.000000 0.000000 1.000000
0.504796 -0.226385 -0.833025 5.884452 -0.161168 0.923316 -0.348587 53.245842 0.848060 0.310222 0.429600 -3.243555 0.000000 0.000000 0.000000 1.000000
0.501852 -0.203090 -0.840773 5.160553 -0.166449 0.931200 -0.324285 54.614082 0.848787 0.302689 0.433521 -2.765943 0.000000 0.000000 0.000000 1.000000
0.503349 -0.175210 -0.846133 4.385877 -0.171113 0.939622 -0.296361 57.333500 0.846971 0.293958 0.442978 -2.336393 0.000000 0.000000 0.000000 1.000000
0.510979 -0.140912 -0.847965 3.533462 -0.174619 0.948887 -0.262908 61.281693 0.841670 0.282412 0.460256 -1.954986 0.000000 0.000000 0.000000 1.000000
0.522188 -0.096099 -0.847399 2.454200 -0.177812 0.959526 -0.218387 66.255310 0.834088 0.264717 0.483965 -1.530802 0.000000 0.000000 0.000000 1.000000
0.533260 -0.041823 -0.844917 0.937319 -0.175225 0.971655 -0.158689 72.075340 0.827605 0.232673 0.510816 -0.923775 0.000000 0.000000 0.000000 1.000000
0.540842 0.006500 -0.841099 -1.015054 -0.153846 0.983866 -0.091323 79.047501 0.826935 0.178791 0.533116 -0.091902 0.000000 0.000000 0.000000 1.000000
0.545496 0.022228 -0.837819 -3.239625 -0.095156 0.994827 -0.035561 87.966339 0.832694 0.099122 0.544789 0.937334 0.000000 0.000000 0.000000 1.000000
0.546299 0.012518 -0.837497 -5.690972 -0.025842 0.999664 -0.001915 97.757210 0.837192 0.022688 0.546439 2.323851 0.000000 0.000000 0.000000 1.000000
0.541720 -0.024900 -0.840190 -7.754522 0.060336 0.998135 0.009320 105.207726 0.838390 -0.055742 0.542212 3.246433 0.000000 0.000000 0.000000 1.000000
0.538860 -0.031912 -0.841790 -8.100698 0.078917 0.996800 0.012729 113.119423 0.838690 -0.073290 0.539655 3.396601 0.000000 0.000000 0.000000 1.000000
0.540694 0.026374 -0.840805 -6.851575 -0.024033 0.999585 0.015900 119.548584 0.840876 0.011610 0.541104 3.308975 0.000000 0.000000 0.000000 1.000000
0.536455 0.037456 -0.843098 -5.359053 -0.064750 0.997897 0.003133 123.837112 0.841442 0.052910 0.537751 2.527686 0.000000 0.000000 0.000000 1.000000
0.544232 0.029085 -0.838430 -3.782731 -0.094310 0.995185 -0.026694 128.451141 0.833617 0.093600 0.544355 1.434220 0.000000 0.000000 0.000000 1.000000
0.557589 0.018113 -0.829920 -2.180998 -0.124572 0.990266 -0.062082 131.969650 0.820717 0.138001 0.554418 0.393759 0.000000 0.000000 0.000000 1.000000
0.561895 0.001180 -0.827207 -0.970791 -0.139610 0.985789 -0.093426 134.081284 0.815342 0.167982 0.554075 -0.240653 0.000000 0.000000 0.000000 1.000000
0.559736 -0.020951 -0.828406 -0.169567 -0.137392 0.983498 -0.117706 134.974945 0.817202 0.179700 0.547621 -0.586922 0.000000 0.000000 0.000000 1.000000
0.559204 -0.036414 -0.828230 0.414331 -0.129858 0.982855 -0.130890 135.001068 0.818796 0.180746 0.544889 -0.814436 0.000000 0.000000 0.000000 1.000000
0.561726 -0.042511 -0.826231 0.804833 -0.121501 0.983612 -0.133213 134.272079 0.818353 0.175217 0.547355 -1.005812 0.000000 0.000000 0.000000 1.000000
0.565203 -0.047307 -0.823594 0.912288 -0.109618 0.985195 -0.131815 132.682846 0.817637 0.164783 0.551649 -1.196742 0.000000 0.000000 0.000000 1.000000
0.570087 -0.057790 -0.819550 0.721834 -0.091425 0.986866 -0.133184 130.064713 0.816482 0.150854 0.557316 -1.354352 0.000000 0.000000 0.000000 1.000000
0.575773 -0.070727 -0.814545 0.334090 -0.070570 0.988234 -0.135692 126.306953 0.814558 0.135611 0.564008 -1.395880 0.000000 0.000000 0.000000 1.000000
0.580135 -0.079649 -0.810616 -0.147666 -0.049463 0.989926 -0.132666 121.334808 0.813017 0.117060 0.570351 -1.271811 0.000000 0.000000 0.000000 1.000000
0.584297 -0.081584 -0.807429 -0.706089 -0.026861 0.992445 -0.119716 115.133881 0.811095 0.091638 0.577691 -1.022493 0.000000 0.000000 0.000000 1.000000
0.592845 -0.077726 -0.801557 -1.558250 -0.000902 0.995267 -0.097177 107.096581 0.805316 0.058334 0.589969 -0.737015 0.000000 0.000000 0.000000 1.000000
0.599441 -0.052066 -0.798724 -2.292657 -0.014453 0.997015 -0.075839 98.232460 0.800289 0.057005 0.596899 -0.288769 0.000000 0.000000 0.000000 1.000000
0.593852 -0.000926 -0.804573 -2.299457 -0.092397 0.993305 -0.069341 89.051628 0.799251 0.115519 0.589791 0.091852 0.000000 0.000000 0.000000 1.000000
0.594878 -0.025214 -0.803420 -1.411956 -0.074975 0.993410 -0.086691 80.938751 0.800312 0.111807 0.589067 -0.266538 0.000000 0.000000 0.000000 1.000000
0.589800 -0.033841 -0.806840 0.054920 -0.088320 0.990425 -0.106103 74.325569 0.802705 0.133840 0.581163 -0.577705 0.000000 0.000000 0.000000 1.000000
0.605478 -0.030190 -0.795289 1.106419 -0.096742 0.989078 -0.111199 70.253418 0.789960 0.144267 0.595944 -0.739083 0.000000 0.000000 0.000000 1.000000
0.628015 -0.029045 -0.777659 1.801884 -0.095734 0.988829 -0.114244 68.180031 0.772290 0.146195 0.618219 -0.755674 0.000000 0.000000 0.000000 1.000000
0.631391 -0.035362 -0.774658 2.309261 -0.097514 0.987410 -0.124553 67.418892 0.769309 0.154182 0.619993 -0.789966 0.000000 0.000000 0.000000 1.000000
0.623848 -0.035817 -0.780725 2.573456 -0.104365 0.986185 -0.128637 67.794243 0.774546 0.161730 0.611491 -0.761104 0.000000 0.000000 0.000000 1.000000
0.622540 -0.024463 -0.782206 2.514169 -0.110785 0.986691 -0.119030 69.246407 0.774707 0.160758 0.611544 -0.574271 0.000000 0.000000 0.000000 1.000000
0.622780 -0.009399 -0.782341 2.214081 -0.116423 0.987682 -0.104543 71.576248 0.773687 0.156190 0.614014 -0.311731 0.000000 0.000000 0.000000 1.000000
0.618214 0.003397 -0.786003 1.834967 -0.121108 0.988461 -0.090983 74.535881 0.776624 0.151438 0.611491 -0.085581 0.000000 0.000000 0.000000 1.000000
0.612583 0.013708 -0.790287 1.441701 -0.121927 0.989521 -0.077347 77.895699 0.780945 0.143739 0.607835 0.079667 0.000000 0.000000 0.000000 1.000000
0.608943 0.020907 -0.792939 1.050468 -0.119455 0.990669 -0.065616 81.406898 0.784168 0.134677 0.605758 0.196335 0.000000 0.000000 0.000000 1.000000
0.605908 0.022980 -0.795203 0.690765 -0.115101 0.991597 -0.059046 84.771988 0.787164 0.127306 0.603461 0.264699 0.000000 0.000000 0.000000 1.000000
0.601227 0.021805 -0.798781 0.389493 -0.110517 0.992290 -0.056097 87.619545 0.791399 0.122006 0.599001 0.309580 0.000000 0.000000 0.000000 1.000000
0.594949 0.020987 -0.803490 0.158167 -0.106999 0.992830 -0.053296 89.687561 0.796610 0.117682 0.592928 0.349736 0.000000 0.000000 0.000000 1.000000
0.589200 0.022208 -0.807682 -0.007864 -0.104564 0.993312 -0.048967 90.984230 0.801193 0.113305 0.587581 0.356760 0.000000 0.000000 0.000000 1.000000
0.586034 0.026516 -0.809853 -0.105325 -0.103520 0.993724 -0.042374 91.599808 0.803647 0.108669 0.585101 0.312125 0.000000 0.000000 0.000000 1.000000
0.585609 0.033595 -0.809898 -0.108175 -0.104276 0.993961 -0.034168 91.744301 0.803859 0.104462 0.585575 0.205299 0.000000 0.000000 0.000000 1.000000
0.586013 0.041323 -0.809248 -0.017041 -0.106838 0.993920 -0.026613 91.667213 0.803228 0.102054 0.586865 0.056324 0.000000 0.000000 0.000000 1.000000</float_array>
        <technique_common>
          <accessor source="#swat_Hips-Matrix-animation-output-transform-array" count="61" stride="16">
            <param type="float4x4"/>
          </accessor>
        </technique_common>
      </source>
      <source id="swat_Hips-Interpolations">
        <Name_array id="swat_Hips-Interpolations-array" count="61">
 LINEAR LINEAR LINEAR LINEAR LINEAR LINEAR LINEAR LINEAR LINEAR LINEAR LINEAR
LINEAR LINEAR LINEAR LINEAR LINEAR LINEAR LINEAR LINEAR LINEAR LINEAR LINEAR LINEAR
LINEAR LINEAR LINEAR LINEAR LINEAR LINEAR LINEAR LINEAR LINEAR LINEAR LINEAR LINEAR
LINEAR LINEAR LINEAR LINEAR LINEAR LINEAR LINEAR LINEAR LINEAR LINEAR LINEAR LINEAR
LINEAR LINEAR LINEAR LINEAR LINEAR LINEAR LINEAR LINEAR LINEAR LINEAR LINEAR LINEAR
LINEAR LINEAR</Name_array>
        <technique_common>
          <accessor source="#swat_Hips-Interpolations-array" count="61">
            <param type="name"/>
          </accessor>
        </technique_common>
      </source>
      <sampler id="swat_Hips-Matrix-animation-transform">
        <input semantic="INPUT" source="#swat_Hips-Matrix-animation-input"/>
        <input semantic="OUTPUT" source="#swat_Hips-Matrix-animation-output-transform"/>
        <input semantic="INTERPOLATION" source="#swat_Hips-Interpolations"/>
      </sampler>
      <channel source="#swat_Hips-Matrix-animation-transform" target="swat_Hips/matrix"/>
      <source id="swat_Spine-Matrix-animation-input">
        <float_array id="swat_Spine-Matrix-animation-input-array" count="61">

0.000000 0.033333 0.066667 0.100000 0.133333 0.166667 0.200000 0.233333 0.266667 0.300000 0.333333 0.366667 0.400000 0.433333 0.466667 0.500000
0.533333 0.566667 0.600000 0.633333 0.666667 0.700000 0.733333 0.766667 0.800000 0.833333 0.866667 0.900000 0.933333 0.966667 1.000000 1.033333
1.066667 1.100000 1.133333 1.166667 1.200000 1.233333 1.266667 1.300000 1.333333 1.366667 1.400000 1.433333 1.466667 1.500000 1.533333 1.566667
1.600000 1.633333 1.666667 1.700000 1.733333 1.766667 1.800000 1.833333 1.866667 1.900000 1.933333 1.966667 2.000000</float_array>
        <technique_common>
          <accessor source="#swat_Spine-Matrix-animation-input-array" count="61">
            <param name="TIME" type="float"/>
          </accessor>
        </technique_common>
      </source>
      <source id="swat_Spine-Matrix-animation-output-transform">
        <float_array id="swat_Spine-Matrix-animation-output-transform-array" count="976">

0.992225 -0.041348 0.117391 0.000000 0.046843 0.997913 -0.044441 9.226300 -0.115308 0.049595 0.992091 1.577100 0.000000 0.000000 0.000000 1.000000
0.992082 -0.041533 0.118528 0.000000 0.047424 0.997754 -0.047316 9.226300 -0.116297 0.052562 0.991823 1.577100 0.000000 0.000000 0.000000 1.000000
0.991928 -0.041634 0.119770 0.000000 0.047983 0.997565 -0.050620 9.226300 -0.117371 0.055959 0.991510 1.577100 0.000000 0.000000 0.000000 1.000000
0.991443 -0.045816 0.122237 -0.000000 0.052700 0.997166 -0.053689 9.226300 -0.119431 0.059671 0.991048 1.577100 0.000000 0.000000 0.000000 1.000000
0.990203 -0.056942 0.127499 0.000000 0.064551 0.996322 -0.056359 9.226300 -0.123821 0.064037 0.990236 1.577100 0.000000 0.000000 0.000000 1.000000
0.987861 -0.074405 0.136362 0.000000 0.083053 0.994805 -0.058859 9.226300 -0.131274 0.069469 0.988909 1.577100 0.000000 0.000000 0.000000 1.000000
0.985099 -0.089685 0.146750 0.000000 0.099692 0.993066 -0.062304 9.226300 -0.140145 0.076006 0.987209 1.577100 0.000000 0.000000 0.000000 1.000000
0.982661 -0.098419 0.157133 0.000000 0.110026 0.991672 -0.066944 9.226300 -0.149235 0.083072 0.985306 1.577100 0.000000 0.000000 0.000000 1.000000
0.980573 -0.102915 0.166986 0.000000 0.116212 0.990619 -0.071893 9.226300 -0.158021 0.089903 0.983335 1.577100 0.000000 0.000000 0.000000 1.000000
0.978163 -0.106925 0.178227 -0.000000 0.122199 0.989513 -0.077019 9.226300 -0.168123 0.097117 0.980971 1.577100 0.000000 0.000000 0.000000 1.000000
0.975791 -0.108639 0.189815 -0.000000 0.126176 0.988542 -0.082854 9.226300 -0.178639 0.104798 0.978318 1.577100 0.000000 0.000000 0.000000 1.000000
0.973847 -0.108261 0.199752 0.000000 0.127883 0.987872 -0.088060 9.226300 -0.187796 0.111302 0.975881 1.577100 0.000000 0.000000 0.000000 1.000000
0.972330 -0.107505 0.207407 0.000000 0.128666 0.987471 -0.091356 9.226300 -0.194987 0.115515 0.973980 1.577100 0.000000 0.000000 0.000000 1.000000
0.971137 -0.108019 0.212663 0.000000 0.130407 0.986976 -0.094192 9.226300 -0.199719 0.119206 0.972575 1.577100 0.000000 0.000000 0.000000 1.000000
0.970444 -0.110989 0.214292 0.000000 0.134317 0.986128 -0.097523 9.226300 -0.200495 0.123424 0.971889 1.577100 0.000000 0.000000 0.000000 1.000000
0.970120 -0.117599 0.212222 -0.000000 0.141126 0.984999 -0.099302 9.226300 -0.197361 0.126285 0.972163 1.577100 0.000000 0.000000 0.000000 1.000000
0.969671 -0.127893 0.208283 -0.000000 0.150742 0.983729 -0.097741 9.226300 -0.192394 0.126173 0.973173 1.577100 0.000000 0.000000 0.000000 1.000000
0.968884 -0.140846 0.203536 0.000000 0.162343 0.982340 -0.093019 9.226300 -0.186841 0.123167 0.974639 1.577100 0.000000 0.000000 0.000000 1.000000
0.967906 -0.155274 0.197608 0.000000 0.175017 0.980748 -0.086611 9.226300 -0.180355 0.118416 0.976448 1.577100 0.000000 0.000000 0.000000 1.000000
0.967483 -0.168107 0.188990 -0.000000 0.186059 0.979151 -0.081516 9.226300 -0.171347 0.114028 0.978590 1.577100 0.000000 0.000000 0.000000 1.000000
0.968014 -0.177100 0.177723 0.000000 0.193652 0.977767 -0.080435 9.226300 -0.159527 0.112279 0.980788 1.577100 0.000000 0.000000 0.000000 1.000000
0.970471 -0.177432 0.163414 -0.000000 0.192792 0.977691 -0.083378 9.226300 -0.144974 0.112421 0.983028 1.577100 0.000000 0.000000 0.000000 1.000000
0.976507 -0.157706 0.146845 0.000000 0.171463 0.981411 -0.086215 9.226300 -0.130518 0.109368 0.985395 1.577100 0.000000 0.000000 0.000000 1.000000
0.986857 -0.097338 0.128987 0.000000 0.108337 0.990795 -0.081174 9.226300 -0.119898 0.094081 0.988318 1.577100 0.000000 0.000000 0.000000 1.000000
0.992589 -0.023648 0.119196 0.000000 0.030658 0.997885 -0.057328 9.226300 -0.117588 0.060557 0.991214 1.577100 0.000000 0.000000 0.000000 1.000000
0.989442 0.077238 0.122631 -0.000000 -0.073598 0.996710 -0.033948 9.226300 -0.124849 0.024564 0.991872 1.577100 0.000000 0.000000 0.000000 1.000000
0.986624 0.098380 0.129979 0.000000 -0.095885 0.995070 -0.025328 9.226300 -0.131830 0.012526 0.991193 1.577100 0.000000 0.000000 0.000000 1.000000
0.990932 -0.031603 0.130593 0.000000 0.035103 0.999081 -0.024589 9.226300 -0.129696 0.028950 0.991131 1.577100 0.000000 0.000000 0.000000 1.000000
0.987402 -0.084376 0.133858 0.000000 0.090598 0.995040 -0.041084 9.226300 -0.129727 0.052693 0.990149 1.577100 0.000000 0.000000 0.000000 1.000000
0.983346 -0.118128 0.138118 0.000000 0.126157 0.990705 -0.050866 9.226300 -0.130826 0.067443 0.989109 1.577100 0.000000 0.000000 0.000000 1.000000
0.977765 -0.150293 0.146247 0.000000 0.159465 0.985775 -0.053090 9.226300 -0.136187 0.075231 0.987823 1.577100 0.000000 0.000000 0.000000 1.000000
0.972928 -0.167531 0.159198 0.000000 0.177859 0.982632 -0.052910 9.226300 -0.147569 0.079793 0.985828 1.577100 0.000000 0.000000 0.000000 1.000000
0.970545 -0.169361 0.171342 0.000000 0.180788 0.982075 -0.053331 9.226300 -0.159239 0.082737 0.983767 1.577100 0.000000 0.000000 0.000000 1.000000
0.969452 -0.167986 0.178726 0.000000 0.180511 0.981967 -0.056176 9.226300 -0.166066 0.086722 0.982294 1.577100 0.000000 0.000000 0.000000 1.000000
0.969930 -0.164644 0.179242 -0.000000 0.178162 0.982045 -0.062023 9.226300 -0.165812 0.092092 0.981848 1.577100 0.000000 0.000000 0.000000 1.000000
0.972779 -0.153981 0.173176 -0.000000 0.167752 0.983493 -0.067830 9.226300 -0.159873 0.095034 0.982552 1.577100 0.000000 0.000000 0.000000 1.000000
0.977543 -0.134127 0.162543 0.000000 0.146941 0.986700 -0.069508 9.226300 -0.151058 0.091831 0.984250 1.577100 0.000000 0.000000 0.000000 1.000000
0.982263 -0.111760 0.150562 0.000000 0.122941 0.990143 -0.067097 9.226300 -0.141579 0.084417 0.986321 1.577100 0.000000 0.000000 0.000000 1.000000
0.986136 -0.090375 0.139167 -0.000000 0.100187 0.992831 -0.065179 9.226300 -0.132279 0.078218 0.988122 1.577100 0.000000 0.000000 0.000000 1.000000
0.989364 -0.067809 0.128689 0.000000 0.076884 0.994792 -0.066909 9.226300 -0.123481 0.076091 0.989425 1.577100 0.000000 0.000000 0.000000 1.000000
0.992197 -0.040091 0.118060 -0.000000 0.048542 0.996394 -0.069596 9.226300 -0.114844 0.074784 0.990565 1.577100 0.000000 0.000000 0.000000 1.000000
0.990894 -0.059065 0.120995 0.000000 0.067144 0.995700 -0.063820 9.226300 -0.116705 0.071363 0.990599 1.577100 0.000000 0.000000 0.000000 1.000000
0.979362 -0.150078 0.135379 0.000000 0.157674 0.986363 -0.047188 9.226300 -0.126451 0.067560 0.989670 1.577100 0.000000 0.000000 0.000000 1.000000
0.985076 -0.122225 0.121187 0.000000 0.129361 0.990188 -0.052852 9.226300 -0.113538 0.067740 0.991222 1.577100 0.000000 0.000000 0.000000 1.000000
0.983366 -0.129526 0.127336 0.000000 0.138356 0.988370 -0.063100 9.226300 -0.117682 0.079668 0.989851 1.577100 0.000000 0.000000 0.000000 1.000000
0.981177 -0.139804 0.133216 -0.000000 0.150864 0.985562 -0.076860 9.226300 -0.120547 0.095511 0.988102 1.577100 0.000000 0.000000 0.000000 1.000000
0.981157 -0.143004 0.129928 0.000000 0.154634 0.984370 -0.084285 9.226300 -0.115844 0.102788 0.987935 1.577100 0.000000 0.000000 0.000000 1.000000
0.982006 -0.139492 0.127303 0.000000 0.150835 0.984961 -0.084263 9.226300 -0.113634 0.101949 0.988278 1.577100 0.000000 0.000000 0.000000 1.000000
0.982616 -0.134944 0.127497 0.000000 0.146246 0.985688 -0.083851 9.226300 -0.114357 0.101039 0.988288 1.577100 0.000000 0.000000 0.000000 1.000000
0.983433 -0.131410 0.124867 0.000000 0.142438 0.986242 -0.083892 9.226300 -0.112124 0.100288 0.988620 1.577100 0.000000 0.000000 0.000000 1.000000
0.984392 -0.126895 0.121946 0.000000 0.137236 0.987263 -0.080490 9.226300 -0.110179 0.095969 0.989268 1.577100 0.000000 0.000000 0.000000 1.000000
0.985542 -0.119233 0.120376 0.000000 0.128795 0.988828 -0.075037 9.226300 -0.110084 0.089456 0.989888 1.577100 0.000000 0.000000 0.000000 1.000000
0.987104 -0.108116 0.118053 0.000000 0.116995 0.990588 -0.071052 9.226300 -0.109260 0.083947 0.990462 1.577100 0.000000 0.000000 0.000000 1.000000
0.988681 -0.095939 0.115347 -0.000000 0.104170 0.992261 -0.067578 9.226300 -0.107971 0.078829 0.991024 1.577100 0.000000 0.000000 0.000000 1.000000
0.990063 -0.083006 0.113515 -0.000000 0.090511 0.993924 -0.062633 9.226300 -0.107626 0.072285 0.991560 1.577100 0.000000 0.000000 0.000000 1.000000
0.991050 -0.070505 0.113350 0.000000 0.077297 0.995396 -0.056679 9.226300 -0.108832 0.064934 0.991937 1.577100 0.000000 0.000000 0.000000 1.000000
0.991551 -0.060299 0.114847 -0.000000 0.066521 0.996474 -0.051137 9.226300 -0.111359 0.058345 0.992066 1.577100 0.000000 0.000000 0.000000 1.000000
0.991785 -0.052076 0.116835 -0.000000 0.057875 0.997226 -0.046800 9.226300 -0.114074 0.053177 0.992048 1.577100 0.000000 0.000000 0.000000 1.000000
0.991972 -0.045781 0.117877 0.000000 0.051292 0.997708 -0.044143 9.226300 -0.115586 0.049835 0.992047 1.577100 0.000000 0.000000 0.000000 1.000000
0.992159 -0.042049 0.117695 0.000000 0.047464 0.997921 -0.043589 9.226300 -0.115618 0.048834 0.992093 1.577100 0.000000 0.000000 0.000000 1.000000
0.992225 -0.041348 0.117391 0.000000 0.046843 0.997913 -0.044441 9.226300 -0.115309 0.049595 0.992091 1.577100 0.000000 0.000000 0.000000 1.000000</float_array>
        <technique_common>
          <accessor source="#swat_Spine-Matrix-animation-output-transform-array" count="61" stride="16">
            <param type="float4x4"/>
          </accessor>
        </technique_common>
      </source>
      <source id="swat_Spine-Interpolations">
        <Name_array id="swat_Spine-Interpolations-array" count="61">
 LINEAR LINEAR LINEAR LINEAR LINEAR LINEAR LINEAR LINEAR LINEAR LINEAR LINEAR
LINEAR LINEAR LINEAR LINEAR LINEAR LINEAR LINEAR LINEAR LINEAR LINEAR LINEAR LINEAR
LINEAR LINEAR LINEAR LINEAR LINEAR LINEAR LINEAR LINEAR LINEAR LINEAR LINEAR LINEAR
LINEAR LINEAR LINEAR LINEAR LINEAR LINEAR LINEAR LINEAR LINEAR LINEAR LINEAR LINEAR
LINEAR LINEAR LINEAR LINEAR LINEAR LINEAR LINEAR LINEAR LINEAR LINEAR LINEAR LINEAR
LINEAR LINEAR</Name_array>
        <technique_common>
          <accessor source="#swat_Spine-Interpolations-array" count="61">
            <param type="name"/>
          </accessor>
        </technique_common>
      </source>
      <sampler id="swat_Spine-Matrix-animation-transform">
        <input semantic="INPUT" source="#swat_Spine-Matrix-animation-input"/>
        <input semantic="OUTPUT" source="#swat_Spine-Matrix-animation-output-transform"/>
        <input semantic="INTERPOLATION" source="#swat_Spine-Interpolations"/>
      </sampler>
      <channel source="#swat_Spine-Matrix-animation-transform" target="swat_Spine/matrix"/>
      <source id="swat_Spine1-Matrix-animation-input">
        <float_array id="swat_Spine1-Matrix-animation-input-array" count="61">

0.000000 0.033333 0.066667 0.100000 0.133333 0.166667 0.200000 0.233333 0.266667 0.300000 0.333333 0.366667 0.400000 0.433333 0.466667 0.500000
0.533333 0.566667 0.600000 0.633333 0.666667 0.700000 0.733333 0.766667 0.800000 0.833333 0.866667 0.900000 0.933333 0.966667 1.000000 1.033333
1.066667 1.100000 1.133333 1.166667 1.200000 1.233333 1.266667 1.300000 1.333333 1.366667 1.400000 1.433333 1.466667 1.500000 1.533333 1.566667
1.600000 1.633333 1.666667 1.700000 1.733333 1.766667 1.800000 1.833333 1.866667 1.900000 1.933333 1.966667 2.000000</float_array>
        <technique_common>
          <accessor source="#swat_Spine1-Matrix-animation-input-array" count="61">
            <param name="TIME" type="float"/>
          </accessor>
        </technique_common>
      </source>
      <source id="swat_Spine1-Matrix-animation-output-transform">
        <float_array id="swat_Spine1-Matrix-animation-output-transform-array" count="976">

0.990537 0.007082 0.137064 0.000000 -0.000681 0.998909 -0.046692 16.254000 -0.137245 0.046157 0.989461 -0.165600 0.000000 0.000000 0.000000 1.000000
0.990432 0.007324 0.137806 0.000000 -0.000459 0.998760 -0.049778 16.254000 -0.137999 0.049239 0.989208 -0.165600 0.000000 0.000000 0.000000 1.000000
0.990375 0.007989 0.138178 0.000000 -0.000626 0.998581 -0.053250 16.254000 -0.138407 0.052651 0.988975 -0.165600 0.000000 0.000000 0.000000 1.000000
0.990379 0.008625 0.138111 0.000000 -0.000759 0.998379 -0.056903 16.254000 -0.138378 0.056251 0.988781 -0.165600 0.000000 0.000000 0.000000 1.000000
0.990502 0.008514 0.137238 0.000000 -0.000145 0.998145 -0.060877 16.254000 -0.137502 0.060279 0.988666 -0.165600 0.000000 0.000000 0.000000 1.000000
0.990820 0.007045 0.135001 -0.000000 0.001806 0.997862 -0.065334 16.254000 -0.135173 0.064978 0.988689 -0.165600 0.000000 0.000000 0.000000 1.000000
0.991237 0.004802 0.132007 0.000000 0.004568 0.997495 -0.070585 16.254000 -0.132015 0.070569 0.988733 -0.165600 0.000000 0.000000 0.000000 1.000000
0.991541 0.002104 0.129774 -0.000000 0.007884 0.997045 -0.076408 16.254000 -0.129551 0.076785 0.988595 -0.165600 0.000000 0.000000 0.000000 1.000000
0.991701 -0.000790 0.128566 0.000000 0.011415 0.996573 -0.081925 16.254000 -0.128061 0.082712 0.988311 -0.165600 0.000000 0.000000 0.000000 1.000000
0.991851 -0.001708 0.127389 0.000000 0.012995 0.996051 -0.087822 16.254000 -0.126736 0.088762 0.987957 -0.165600 0.000000 0.000000 0.000000 1.000000
0.992059 0.000879 0.125767 0.000000 0.011132 0.995437 -0.094765 16.254000 -0.125276 0.095413 0.987523 -0.165600 0.000000 0.000000 0.000000 1.000000
0.992248 0.004633 0.124188 0.000000 0.008015 0.994839 -0.101153 16.254000 -0.124016 0.101364 0.987089 -0.165600 0.000000 0.000000 0.000000 1.000000
0.992379 0.006609 0.123047 0.000000 0.006432 0.994421 -0.105289 16.254000 -0.123056 0.105278 0.986800 -0.165600 0.000000 0.000000 0.000000 1.000000
0.992527 0.006542 0.121850 0.000000 0.006787 0.994057 -0.108649 16.254000 -0.121837 0.108664 0.986584 -0.165600 0.000000 0.000000 0.000000 1.000000
0.992796 0.005110 0.119707 0.000000 0.008430 0.993636 -0.112326 16.254000 -0.119519 0.112526 0.986435 -0.165600 0.000000 0.000000 0.000000 1.000000
0.993159 0.002281 0.116745 0.000000 0.011158 0.993380 -0.114334 16.254000 -0.116233 0.114855 0.986559 -0.165600 0.000000 0.000000 0.000000 1.000000
0.993422 -0.001559 0.114502 0.000000 0.014595 0.993476 -0.113103 16.254000 -0.113579 0.114030 0.986964 -0.165600 0.000000 0.000000 0.000000 1.000000
0.993439 -0.005902 0.114213 -0.000000 0.018437 0.993870 -0.109009 16.254000 -0.112870 0.110399 0.987458 -0.165600 0.000000 0.000000 0.000000 1.000000
0.993203 -0.011053 0.115872 0.000000 0.023135 0.994365 -0.103454 16.254000 -0.114076 0.105431 0.987862 -0.165600 0.000000 0.000000 0.000000 1.000000
0.992745 -0.016802 0.119056 0.000000 0.028712 0.994669 -0.099040 16.254000 -0.116757 0.101740 0.987936 -0.165600 0.000000 0.000000 0.000000 1.000000
0.992165 -0.021227 0.123115 0.000000 0.033499 0.994575 -0.098483 16.254000 -0.120356 0.101835 0.987494 -0.165600 0.000000 0.000000 0.000000 1.000000
0.991660 -0.020467 0.127248 0.000000 0.033566 0.994252 -0.101667 16.254000 -0.124436 0.105090 0.986647 -0.165600 0.000000 0.000000 0.000000 1.000000
0.991274 -0.011358 0.131327 0.000000 0.025119 0.994301 -0.103606 16.254000 -0.129402 0.106001 0.985910 -0.165600 0.000000 0.000000 0.000000 1.000000
0.990846 0.005233 0.134898 0.000000 0.007539 0.995544 -0.093994 16.254000 -0.134789 0.094151 0.986391 -0.165600 0.000000 0.000000 0.000000 1.000000
0.990265 0.020965 0.137605 0.000000 -0.012306 0.997908 -0.063476 16.254000 -0.138648 0.061165 0.988451 -0.165600 0.000000 0.000000 0.000000 1.000000
0.989604 0.035152 0.139456 0.000000 -0.031314 0.999071 -0.029616 16.254000 -0.140368 0.024941 0.989785 -0.165600 0.000000 0.000000 0.000000 1.000000
0.988945 0.036080 0.143823 -0.000000 -0.033872 0.999268 -0.017769 16.254000 -0.144359 0.012701 0.989444 -0.165600 0.000000 0.000000 0.000000 1.000000
0.988231 0.018532 0.151845 0.000000 -0.014189 0.999460 -0.029637 16.254000 -0.152312 0.027134 0.987960 -0.165600 0.000000 0.000000 0.000000 1.000000
0.987738 0.011313 0.155713 0.000000 -0.003460 0.998713 -0.050608 16.254000 -0.156085 0.049449 0.986505 -0.165600 0.000000 0.000000 0.000000 1.000000
0.988217 0.005928 0.152942 -0.000000 0.003872 0.997962 -0.063694 16.254000 -0.153008 0.063536 0.986180 -0.165600 0.000000 0.000000 0.000000 1.000000
0.989179 -0.000961 0.146708 0.000000 0.011393 0.997462 -0.070282 16.254000 -0.146269 0.071193 0.986680 -0.165600 0.000000 0.000000 0.000000 1.000000
0.989877 -0.005450 0.141824 0.000000 0.015952 0.997203 -0.073018 16.254000 -0.141029 0.074542 0.987195 -0.165600 0.000000 0.000000 0.000000 1.000000
0.990103 -0.006435 0.140196 0.000000 0.017010 0.997086 -0.074369 16.254000 -0.139309 0.076018 0.987327 -0.165600 0.000000 0.000000 0.000000 1.000000
0.990072 -0.007424 0.140368 0.000000 0.018468 0.996818 -0.077541 16.254000 -0.139346 0.079363 0.987058 -0.165600 0.000000 0.000000 0.000000 1.000000
0.990078 -0.009285 0.140211 -0.000000 0.021099 0.996326 -0.083007 16.254000 -0.138925 0.085142 0.986636 -0.165600 0.000000 0.000000 0.000000 1.000000
0.990219 -0.009946 0.139167 0.000000 0.022216 0.995969 -0.086898 16.254000 -0.137741 0.089140 0.986449 -0.165600 0.000000 0.000000 0.000000 1.000000
0.990416 -0.008373 0.137859 0.000000 0.020266 0.996167 -0.085097 16.254000 -0.136618 0.087076 0.986789 -0.165600 0.000000 0.000000 0.000000 1.000000
0.990621 -0.005594 0.136527 0.000000 0.016511 0.996740 -0.078967 16.254000 -0.135640 0.080481 0.987484 -0.165600 0.000000 0.000000 0.000000 1.000000
0.990849 -0.002859 0.134947 -0.000000 0.012924 0.997191 -0.073771 16.254000 -0.134358 0.074840 0.988103 -0.165600 0.000000 0.000000 0.000000 1.000000
0.991075 -0.000270 0.133302 0.000000 0.010012 0.997324 -0.072424 16.254000 -0.132926 0.073112 0.988426 -0.165600 0.000000 0.000000 0.000000 1.000000
0.991374 0.004418 0.130986 -0.000000 0.005032 0.997412 -0.071721 16.254000 -0.130964 0.071761 0.988787 -0.165600 0.000000 0.000000 0.000000 1.000000
0.991815 0.003378 0.127641 -0.000000 0.005297 0.997701 -0.067568 16.254000 -0.127576 0.067691 0.989516 -0.165600 0.000000 0.000000 0.000000 1.000000
0.992078 -0.009138 0.125287 0.000000 0.016794 0.998046 -0.060185 16.254000 -0.124492 0.061812 0.990293 -0.165600 0.000000 0.000000 0.000000 1.000000
0.991925 -0.013477 0.126104 0.000000 0.021525 0.997801 -0.062682 16.254000 -0.124982 0.064891 0.990035 -0.165600 0.000000 0.000000 0.000000 1.000000
0.991224 -0.020445 0.130603 0.000000 0.030207 0.996859 -0.073208 16.254000 -0.128696 0.076511 0.988728 -0.165600 0.000000 0.000000 0.000000 1.000000
0.991256 -0.022749 0.129978 0.000000 0.034304 0.995585 -0.087368 16.254000 -0.127416 0.091063 0.987660 -0.165600 0.000000 0.000000 0.000000 1.000000
0.991926 -0.022054 0.124882 0.000000 0.034027 0.994936 -0.094571 16.254000 -0.122164 0.098057 0.987654 -0.165600 0.000000 0.000000 0.000000 1.000000
0.992215 -0.019833 0.122949 0.000000 0.031568 0.995048 -0.094247 16.254000 -0.120471 0.097395 0.987928 -0.165600 0.000000 0.000000 0.000000 1.000000
0.992175 -0.017777 0.123580 -0.000000 0.029494 0.995169 -0.093641 16.254000 -0.121319 0.096553 0.987906 -0.165600 0.000000 0.000000 0.000000 1.000000
0.992241 -0.016489 0.123229 0.000000 0.028136 0.995233 -0.093379 16.254000 -0.121102 0.096122 0.987975 -0.165600 0.000000 0.000000 0.000000 1.000000
0.992206 -0.014904 0.123717 0.000000 0.026139 0.995627 -0.089687 16.254000 -0.121840 0.092221 0.988256 -0.165600 0.000000 0.000000 0.000000 1.000000
0.991957 -0.012634 0.125945 0.000000 0.023337 0.996203 -0.083874 16.254000 -0.124407 0.086138 0.988485 -0.165600 0.000000 0.000000 0.000000 1.000000
0.991798 -0.009583 0.127457 -0.000000 0.019810 0.996661 -0.079213 16.254000 -0.126272 0.081088 0.988676 -0.165600 0.000000 0.000000 0.000000 1.000000
0.991812 -0.005707 0.127579 -0.000000 0.015368 0.997075 -0.074870 16.254000 -0.126779 0.076217 0.988998 -0.165600 0.000000 0.000000 0.000000 1.000000
0.991812 -0.001611 0.127700 -0.000000 0.010481 0.997574 -0.068822 16.254000 -0.127279 0.069597 0.989422 -0.165600 0.000000 0.000000 0.000000 1.000000
0.991656 0.001828 0.128898 -0.000000 0.006174 0.998079 -0.061650 16.254000 -0.128763 0.061932 0.989740 -0.165600 0.000000 0.000000 0.000000 1.000000
0.991330 0.004286 0.131328 0.000000 0.002974 0.998480 -0.055035 16.254000 -0.131364 0.054948 0.989810 -0.165600 0.000000 0.000000 0.000000 1.000000
0.990933 0.005982 0.134222 0.000000 0.000724 0.998756 -0.049859 16.254000 -0.134353 0.049504 0.989696 -0.165600 0.000000 0.000000 0.000000 1.000000
0.990645 0.006917 0.136286 0.000000 -0.000560 0.998912 -0.046624 16.254000 -0.136460 0.046111 0.989572 -0.165600 0.000000 0.000000 0.000000 1.000000
0.990552 0.007159 0.136954 0.000000 -0.000885 0.998949 -0.045818 16.254000 -0.137138 0.045264 0.989517 -0.165600 0.000000 0.000000 0.000000 1.000000
0.990537 0.007082 0.137064 0.000000 -0.000681 0.998909 -0.046692 16.254000 -0.137245 0.046157 0.989461 -0.165600 0.000000 0.000000 0.000000 1.000000</float_array>
        <technique_common>
          <accessor source="#swat_Spine1-Matrix-animation-output-transform-array" count="61" stride="16">
            <param type="float4x4"/>
          </accessor>
        </technique_common>
      </source>
      <source id="swat_Spine1-Interpolations">
        <Name_array id="swat_Spine1-Interpolations-array" count="61">
 LINEAR LINEAR LINEAR LINEAR LINEAR LINEAR LINEAR LINEAR LINEAR LINEAR LINEAR
LINEAR LINEAR LINEAR LINEAR LINEAR LINEAR LINEAR LINEAR LINEAR LINEAR LINEAR LINEAR
LINEAR LINEAR LINEAR LINEAR LINEAR LINEAR LINEAR LINEAR LINEAR LINEAR LINEAR LINEAR
LINEAR LINEAR LINEAR LINEAR LINEAR LINEAR LINEAR LINEAR LINEAR LINEAR LINEAR LINEAR
LINEAR LINEAR LINEAR LINEAR LINEAR LINEAR LINEAR LINEAR LINEAR LINEAR LINEAR LINEAR
LINEAR LINEAR</Name_array>
        <technique_common>
          <accessor source="#swat_Spine1-Interpolations-array" count="61">
            <param type="name"/>
          </accessor>
        </technique_common>
      </source>
      <sampler id="swat_Spine1-Matrix-animation-transform">
        <input semantic="INPUT" source="#swat_Spine1-Matrix-animation-input"/>
        <input semantic="OUTPUT" source="#swat_Spine1-Matrix-animation-output-transform"/>
        <input semantic="INTERPOLATION" source="#swat_Spine1-Interpolations"/>
      </sampler>
      <channel source="#swat_Spine1-Matrix-animation-transform" target="swat_Spine1/matrix"/>
      <source id="swat_Spine2-Matrix-animation-input">
        <float_array id="swat_Spine2-Matrix-animation-input-array" count="61">

0.000000 0.033333 0.066667 0.100000 0.133333 0.166667 0.200000 0.233333 0.266667 0.300000 0.333333 0.366667 0.400000 0.433333 0.466667 0.500000
0.533333 0.566667 0.600000 0.633333 0.666667 0.700000 0.733333 0.766667 0.800000 0.833333 0.866667 0.900000 0.933333 0.966667 1.000000 1.033333
1.066667 1.100000 1.133333 1.166667 1.200000 1.233333 1.266667 1.300000 1.333333 1.366667 1.400000 1.433333 1.466667 1.500000 1.533333 1.566667
1.600000 1.633333 1.666667 1.700000 1.733333 1.766667 1.800000 1.833333 1.866667 1.900000 1.933333 1.966667 2.000000</float_array>
        <technique_common>
          <accessor source="#swat_Spine2-Matrix-animation-input-array" count="61">
            <param name="TIME" type="float"/>
          </accessor>
        </technique_common>
      </source>
      <source id="swat_Spine2-Matrix-animation-output-transform">
        <float_array id="swat_Spine2-Matrix-animation-output-transform-array" count="976">

0.990540 0.010254 0.136837 -0.000000 -0.003677 0.998829 -0.048230 13.639600 -0.137172 0.047271 0.989419 -1.292300 0.000000 0.000000 0.000000 1.000000
0.990430 0.010467 0.137617 0.000000 -0.003428 0.998678 -0.051289 13.639600 -0.137971 0.050327 0.989157 -1.292300 0.000000 0.000000 0.000000 1.000000
0.990362 0.011141 0.138057 0.000000 -0.003605 0.998495 -0.054722 13.639600 -0.138459 0.053697 0.988911 -1.292300 0.000000 0.000000 0.000000 1.000000
0.990347 0.011835 0.138107 -0.000000 -0.003801 0.998293 -0.058287 13.639600 -0.138561 0.057199 0.988701 -1.292300 0.000000 0.000000 0.000000 1.000000
0.990446 0.011853 0.137392 0.000000 -0.003327 0.998063 -0.062121 13.639600 -0.137862 0.061071 0.988567 -1.292300 0.000000 0.000000 0.000000 1.000000
0.990744 0.010599 0.135332 0.000000 -0.001600 0.997789 -0.066437 13.639600 -0.135737 0.065606 0.988570 -1.292300 0.000000 0.000000 0.000000 1.000000
0.991145 0.008582 0.132507 0.000000 0.000937 0.997432 -0.071608 13.639600 -0.132781 0.071098 0.988592 -1.292300 0.000000 0.000000 0.000000 1.000000
0.991437 0.006061 0.130443 0.000000 0.004085 0.996993 -0.077379 13.639600 -0.130520 0.077249 0.988432 -1.292300 0.000000 0.000000 0.000000 1.000000
0.991583 0.003331 0.129427 0.000000 0.007467 0.996534 -0.082856 13.639600 -0.129255 0.083125 0.988121 -1.292300 0.000000 0.000000 0.000000 1.000000
0.991705 0.002604 0.128505 0.000000 0.008882 0.996016 -0.088733 13.639600 -0.128224 0.089139 0.987731 -1.292300 0.000000 0.000000 0.000000 1.000000
0.991860 0.005400 0.127217 0.000000 0.006848 0.995392 -0.095648 13.639600 -0.127147 0.095740 0.987252 -1.292300 0.000000 0.000000 0.000000 1.000000
0.991986 0.009320 0.126006 0.000000 0.003609 0.994779 -0.101990 13.639600 -0.126299 0.101628 0.986773 -1.292300 0.000000 0.000000 0.000000 1.000000
0.992071 0.011407 0.125161 0.000000 0.001951 0.994355 -0.106089 13.639600 -0.125664 0.105492 0.986448 -1.292300 0.000000 0.000000 0.000000 1.000000
0.992194 0.011441 0.124178 0.000000 0.002234 0.993992 -0.109431 13.639600 -0.124683 0.108855 0.986207 -1.292300 0.000000 0.000000 0.000000 1.000000
0.992452 0.010124 0.122217 0.000000 0.003794 0.993574 -0.113117 13.639600 -0.122577 0.112727 0.986036 -1.292300 0.000000 0.000000 0.000000 1.000000
0.992822 0.007403 0.119374 -0.000000 0.006439 0.993327 -0.115151 13.639600 -0.119430 0.115093 0.986149 -1.292300 0.000000 0.000000 0.000000 1.000000
0.993109 0.003609 0.117137 -0.000000 0.009826 0.993441 -0.113919 13.639600 -0.116780 0.114285 0.986560 -1.292300 0.000000 0.000000 0.000000 1.000000
0.993166 -0.000784 0.116710 0.000000 0.013684 0.993863 -0.109773 13.639600 -0.115907 0.110619 0.987081 -1.292300 0.000000 0.000000 0.000000 1.000000
0.992985 -0.006089 0.118083 0.000000 0.018481 0.994391 -0.104136 13.639600 -0.116787 0.105588 0.987528 -1.292300 0.000000 0.000000 0.000000 1.000000
0.992587 -0.012077 0.120932 0.000000 0.024243 0.994728 -0.099643 13.639600 -0.119091 0.101836 0.987647 -1.292300 0.000000 0.000000 0.000000 1.000000
0.992048 -0.016785 0.124738 0.000000 0.029276 0.994657 -0.098995 13.639600 -0.122410 0.101859 0.987239 -1.292300 0.000000 0.000000 0.000000 1.000000
0.991559 -0.016359 0.128616 0.000000 0.029649 0.994332 -0.102102 13.639600 -0.126217 0.105053 0.986424 -1.292300 0.000000 0.000000 0.000000 1.000000
0.991196 -0.007770 0.132177 -0.000000 0.021682 0.994326 -0.104141 13.639600 -0.130618 0.106090 0.985740 -1.292300 0.000000 0.000000 0.000000 1.000000
0.990837 0.008055 0.134824 -0.000000 0.004847 0.995457 -0.095088 13.639600 -0.134978 0.094870 0.986296 -1.292300 0.000000 0.000000 0.000000 1.000000
0.990312 0.023280 0.136891 0.000000 -0.014413 0.997755 -0.065407 13.639600 -0.138107 0.062801 0.988424 -1.292300 0.000000 0.000000 0.000000 1.000000
