<?xml version="1.0" encoding="utf-8"?>
<COLLADA xmlns="http://www.collada.org/2005/11/COLLADASchema" version="1.4.1">
  <asset>
    <contributor>
      <author>Mixamo</author>
      <authoring_tool>COLLADA Mixamo exporter</authoring_tool>
      <comments/>
    </contributor>
    <created>2019-04-10T02:11:11Z</created>
    <modified>2019-04-10T02:11:11Z</modified>
    <revision/>
    <title/>
    <unit meter="0.010000"/>
    <up_axis>Y_UP</up_axis>
  </asset>
  <library_animations>
    <animation>
      <source id="Hips-Matrix-animation-input">
        <float_array id="Hips-Matrix-animation-input-array" count="30">

0.000000 0.033333 0.066667 0.100000 0.133333 0.166667 0.200000 0.233333 0.266667 0.300000 0.333333 0.366667 0.400000 0.433333 0.466667 0.500000
0.533333 0.566667 0.600000 0.633333 0.666667 0.700000 0.733333 0.766667 0.800000 0.833333 0.866667 0.900000 0.933333 0.966667</float_array>
        <technique_common>
          <accessor source="#Hips-Matrix-animation-input-array" count="30">
            <param name="TIME" type="float"/>
          </accessor>
        </technique_common>
      </source>
      <source id="Hips-Matrix-animation-output-transform">
        <float_array id="Hips-Matrix-animation-output-transform-array" count="480">

0.564464 -0.123035 -0.816237 -0.821329 -0.015103 0.987125 -0.159239 88.801598 0.825320 0.102212 0.555338 0.642772 0.000000 0.000000 0.000000 1.000000
0.577126 -0.144375 -0.803792 0.278305 0.014162 0.985870 -0.166911 85.874847 0.816532 0.084945 0.571016 0.694558 0.000000 0.000000 0.000000 1.000000
0.590380 -0.148178 -0.793407 1.032065 0.034608 0.986747 -0.158534 83.992981 0.806383 0.066137 0.587684 0.998280 0.000000 0.000000 0.000000 1.000000
0.605892 -0.095975 -0.789737 0.700210 0.026440 0.994577 -0.100584 84.960663 0.795108 0.040063 0.605143 2.042395 0.000000 0.000000 0.000000 1.000000
0.629990 -0.023351 -0.776252 -0.861514 0.005256 0.999653 -0.025806 89.100838 0.776585 0.012177 0.629895 3.525565 0.000000 0.000000 0.000000 1.000000
0.660156 0.053102 -0.749249 -3.426280 -0.022910 0.998457 0.050579 95.880013 0.750779 -0.016225 0.660354 5.127300 0.000000 0.000000 0.000000 1.000000
0.690236 0.076507 -0.719529 -6.234725 -0.034762 0.996752 0.072638 104.362671 0.722749 -0.025125 0.690654 6.820693 0.000000 0.000000 0.000000 1.000000
0.739196 0.025022 -0.673025 -6.921783 -0.017993 0.999687 0.017406 112.756104 0.673249 -0.000756 0.739415 7.442658 0.000000 0.000000 0.000000 1.000000
0.766573 -0.002021 -0.642154 -5.766857 -0.017405 0.999562 -0.023922 117.929832 0.641921 0.029515 0.766202 6.373935 0.000000 0.000000 0.000000 1.000000
0.730237 -0.024780 -0.682744 -4.445955 -0.007676 0.998981 -0.044468 123.489677 0.683150 0.037713 0.729303 5.353591 0.000000 0.000000 0.000000 1.000000
0.705339 -0.067315 -0.705667 -2.121938 0.005808 0.995996 -0.089205 129.596222 0.708846 0.058821 0.702906 3.801383 0.000000 0.000000 0.000000 1.000000
0.711782 -0.127544 -0.690723 0.694311 0.007565 0.984711 -0.174033 133.662796 0.702359 0.118648 0.701865 2.956347 0.000000 0.000000 0.000000 1.000000
0.712514 -0.118866 -0.691516 1.560009 0.005238 0.986420 -0.164161 134.986938 0.701638 0.113345 0.703461 2.873390 0.000000 0.000000 0.000000 1.000000
0.710803 -0.086423 -0.698062 1.518215 0.002807 0.992764 -0.120050 135.290237 0.703386 0.083373 0.705902 3.260224 0.000000 0.000000 0.000000 1.000000
0.695562 -0.070653 -0.714984 2.301304 -0.007030 0.994436 -0.105107 136.111893 0.718432 0.078135 0.691195 3.147230 0.000000 0.000000 0.000000 1.000000
0.675051 -0.126754 -0.726800 3.350894 0.002565 0.985528 -0.169494 136.615753 0.737766 0.112553 0.665607 2.569095 0.000000 0.000000 0.000000 1.000000
0.651393 -0.169147 -0.739646 3.811736 0.005705 0.975899 -0.218150 135.980423 0.758719 0.137881 0.636659 2.299158 0.000000 0.000000 0.000000 1.000000
0.632792 -0.165780 -0.756367 3.653780 -0.004257 0.976053 -0.217492 133.833221 0.774310 0.140847 0.616933 2.474964 0.000000 0.000000 0.000000 1.000000
0.612876 -0.153770 -0.775073 3.002487 -0.005632 0.980007 -0.198881 130.283844 0.790159 0.126255 0.599757 2.314119 0.000000 0.000000 0.000000 1.000000
0.600202 -0.127543 -0.789614 1.984918 -0.008695 0.986106 -0.165891 125.132980 0.799801 0.106434 0.590754 1.910210 0.000000 0.000000 0.000000 1.000000
0.587565 -0.094635 -0.803624 0.929435 -0.017974 0.991366 -0.129885 118.898186 0.808977 0.090760 0.580792 1.816555 0.000000 0.000000 0.000000 1.000000
0.580493 -0.067290 -0.811480 0.248750 -0.030540 0.994079 -0.104278 111.341583 0.813693 0.085315 0.575000 2.049326 0.000000 0.000000 0.000000 1.000000
0.574661 -0.044888 -0.817159 -0.267140 -0.042184 0.995543 -0.084353 103.854774 0.817303 0.082946 0.570206 2.241180 0.000000 0.000000 0.000000 1.000000
0.577185 -0.037290 -0.815762 -0.299402 -0.049060 0.995569 -0.080222 96.732986 0.815138 0.086324 0.572798 2.081119 0.000000 0.000000 0.000000 1.000000
0.576453 -0.045400 -0.815868 -0.062749 -0.044974 0.995179 -0.087154 91.840286 0.815892 0.086933 0.571632 1.821769 0.000000 0.000000 0.000000 1.000000
0.573857 -0.062102 -0.816597 0.369714 -0.038642 0.993957 -0.102746 89.561440 0.818043 0.090517 0.567990 1.570502 0.000000 0.000000 0.000000 1.000000
0.570790 -0.082543 -0.816937 0.340217 -0.030636 0.992101 -0.121646 88.749077 0.820524 0.094462 0.563752 1.266153 0.000000 0.000000 0.000000 1.000000
0.567738 -0.102282 -0.816830 -0.017521 -0.023016 0.989891 -0.139949 88.556931 0.822887 0.098255 0.559645 0.972448 0.000000 0.000000 0.000000 1.000000
0.565378 -0.117162 -0.816469 -0.478952 -0.017326 0.987955 -0.153767 88.676392 0.824650 0.101083 0.556538 0.746041 0.000000 0.000000 0.000000 1.000000
0.564463 -0.123036 -0.816237 -0.819921 -0.015103 0.987125 -0.159239 88.801598 0.825320 0.102212 0.555337 0.645285 0.000000 0.000000 0.000000 1.000000</float_array>
        <technique_common>
          <accessor source="#Hips-Matrix-animation-output-transform-array" count="30" stride="16">
            <param type="float4x4"/>
          </accessor>
        </technique_common>
      </source>
      <source id="Hips-Interpolations">
        <Name_array id="Hips-Interpolations-array" count="30">
 LINEAR LINEAR LINEAR LINEAR LINEAR LINEAR LINEAR LINEAR LINEAR LINEAR LINEAR
LINEAR LINEAR LINEAR LINEAR LINEAR LINEAR LINEAR LINEAR LINEAR LINEAR LINEAR LINEAR
LINEAR LINEAR LINEAR LINEAR LINEAR LINEAR LINEAR</Name_array>
        <technique_common>
          <accessor source="#Hips-Interpolations-array" count="30">
            <param type="name"/>
          </accessor>
        </technique_common>
      </source>
      <sampler id="Hips-Matrix-animation-transform">
        <input semantic="INPUT" source="#Hips-Matrix-animation-input"/>
        <input semantic="OUTPUT" source="#Hips-Matrix-animation-output-transform"/>
        <input semantic="INTERPOLATION" source="#Hips-Interpolations"/>
      </sampler>
      <channel source="#Hips-Matrix-animation-transform" target="Hips/matrix"/>
      <source id="Spine-Matrix-animation-input">
        <float_array id="Spine-Matrix-animation-input-array" count="30">

0.000000 0.033333 0.066667 0.100000 0.133333 0.166667 0.200000 0.233333 0.266667 0.300000 0.333333 0.366667 0.400000 0.433333 0.466667 0.500000
0.533333 0.566667 0.600000 0.633333 0.666667 0.700000 0.733333 0.766667 0.800000 0.833333 0.866667 0.900000 0.933333 0.966667</float_array>
        <technique_common>
          <accessor source="#Spine-Matrix-animation-input-array" count="30">
            <param name="TIME" type="float"/>
          </accessor>
        </technique_common>
      </source>
      <source id="Spine-Matrix-animation-output-transform">
        <float_array id="Spine-Matrix-animation-output-transform-array" count="480">

0.996513 0.054213 0.063431 0.000000 -0.045701 0.990630 -0.128698 5.245300 -0.069814 0.125350 0.989653 0.258800 0.000000 0.000000 0.000000 1.000000
0.995242 0.074854 0.062367 0.000000 -0.064491 0.985933 -0.154199 5.245300 -0.073032 0.149443 0.986069 0.258800 0.000000 0.000000 0.000000 1.000000
0.993860 0.098036 0.051304 0.000000 -0.085497 0.974735 -0.206354 5.245300 -0.070238 0.200701 0.977131 0.258800 0.000000 0.000000 0.000000 1.000000
0.993708 0.097544 0.055032 0.000000 -0.081423 0.966594 -0.243037 5.245300 -0.076901 0.237027 0.968455 0.258800 0.000000 0.000000 0.000000 1.000000
0.995634 0.084879 0.038849 0.000000 -0.071857 0.962545 -0.261426 5.245300 -0.059583 0.257493 0.964441 0.258800 0.000000 0.000000 0.000000 1.000000
0.997828 0.064689 0.012420 0.000000 -0.058812 0.959842 -0.274308 5.245300 -0.029666 0.272981 0.961562 0.258800 0.000000 0.000000 0.000000 1.000000
0.998415 0.056165 -0.003730 0.000000 -0.055380 0.968276 -0.243671 5.245300 -0.010074 0.243491 0.969851 0.258800 0.000000 0.000000 0.000000 1.000000
0.998398 0.052859 -0.020160 0.000000 -0.055899 0.976590 -0.207720 5.245300 0.008709 0.208514 0.977981 0.258800 0.000000 0.000000 0.000000 1.000000
0.999533 0.029422 -0.008202 0.000000 -0.030538 0.968063 -0.248841 5.245300 0.000619 0.248975 0.968510 0.258800 0.000000 0.000000 0.000000 1.000000
0.998177 0.057019 0.019775 -0.000000 -0.047638 0.945587 -0.321864 5.245300 -0.037051 0.320335 0.946579 0.258800 0.000000 0.000000 0.000000 1.000000
0.997614 0.068119 0.011257 0.000000 -0.057465 0.909587 -0.411521 5.245300 -0.038272 0.409892 0.911331 0.258800 0.000000 0.000000 0.000000 1.000000
0.999161 0.040876 -0.002362 0.000000 -0.036730 0.869337 -0.492853 5.245300 -0.018092 0.492527 0.870109 0.258800 0.000000 0.000000 0.000000 1.000000
0.999544 0.023734 -0.018664 0.000000 -0.030145 0.819625 -0.572107 5.245300 0.001719 0.572409 0.819966 0.258800 0.000000 0.000000 0.000000 1.000000
0.999160 0.032606 -0.024816 0.000000 -0.040948 0.772634 -0.633529 5.245300 -0.001483 0.634013 0.773321 0.258800 0.000000 0.000000 0.000000 1.000000
0.999650 0.026457 -0.000866 0.000000 -0.021076 0.775699 -0.630751 5.245300 -0.016017 0.630548 0.775985 0.258800 0.000000 0.000000 0.000000 1.000000
0.999125 0.035708 0.021797 0.000000 -0.018391 0.842875 -0.537795 5.245300 -0.037576 0.536923 0.842794 0.258800 0.000000 0.000000 0.000000 1.000000
0.998232 0.044642 0.039241 0.000000 -0.022859 0.897778 -0.439855 5.245300 -0.054865 0.438180 0.897211 0.258800 0.000000 0.000000 0.000000 1.000000
0.997855 0.041995 0.050218 0.000000 -0.020019 0.926121 -0.376694 5.245300 -0.062328 0.374881 0.924976 0.258800 0.000000 0.000000 0.000000 1.000000
0.996877 0.054218 0.057414 -0.000000 -0.032929 0.946231 -0.321812 5.245300 -0.071775 0.318917 0.945061 0.258800 0.000000 0.000000 0.000000 1.000000
0.996489 0.062805 0.055360 -0.000000 -0.045643 0.961875 -0.269654 5.245300 -0.070185 0.266181 0.961365 0.258800 0.000000 0.000000 0.000000 1.000000
0.996512 0.063003 0.054730 -0.000000 -0.048877 0.972161 -0.229159 5.245300 -0.067644 0.225685 0.971849 0.258800 0.000000 0.000000 0.000000 1.000000
0.996227 0.056331 0.066024 0.000000 -0.042875 0.980863 -0.189919 5.245300 -0.075459 0.186371 0.979577 0.258800 0.000000 0.000000 0.000000 1.000000
0.996023 0.047514 0.075370 0.000000 -0.035395 0.987331 -0.154675 5.245300 -0.081764 0.151392 0.985086 0.258800 0.000000 0.000000 0.000000 1.000000
0.996889 0.038234 0.068923 -0.000000 -0.028386 0.989942 -0.138594 5.245300 -0.073529 0.136206 0.987948 0.258800 0.000000 0.000000 0.000000 1.000000
0.997456 0.046791 0.053770 0.000000 -0.037224 0.985274 -0.166882 5.245300 -0.060787 0.164456 0.984510 0.258800 0.000000 0.000000 0.000000 1.000000
0.997485 0.052203 0.047953 -0.000000 -0.043300 0.984339 -0.170883 5.245300 -0.056122 0.168377 0.984124 0.258800 0.000000 0.000000 0.000000 1.000000
0.997254 0.054332 0.050321 0.000000 -0.045575 0.985862 -0.161243 5.245300 -0.058370 0.158507 0.985631 0.258800 0.000000 0.000000 0.000000 1.000000
0.996943 0.054829 0.055669 0.000000 -0.046126 0.988047 -0.147088 5.245300 -0.063069 0.144070 0.987556 0.258800 0.000000 0.000000 0.000000 1.000000
0.996646 0.054525 0.061028 0.000000 -0.045933 0.989879 -0.134272 5.245300 -0.067731 0.131018 0.989064 0.258800 0.000000 0.000000 0.000000 1.000000
0.996513 0.054213 0.063431 0.000000 -0.045701 0.990630 -0.128698 5.245300 -0.069814 0.125350 0.989653 0.258800 0.000000 0.000000 0.000000 1.000000</float_array>
        <technique_common>
          <accessor source="#Spine-Matrix-animation-output-transform-array" count="30" stride="16">
            <param type="float4x4"/>
          </accessor>
        </technique_common>
      </source>
      <source id="Spine-Interpolations">
        <Name_array id="Spine-Interpolations-array" count="30">
 LINEAR LINEAR LINEAR LINEAR LINEAR LINEAR LINEAR LINEAR LINEAR LINEAR LINEAR
LINEAR LINEAR LINEAR LINEAR LINEAR LINEAR LINEAR LINEAR LINEAR LINEAR LINEAR LINEAR
LINEAR LINEAR LINEAR LINEAR LINEAR LINEAR LINEAR</Name_array>
        <technique_common>
          <accessor source="#Spine-Interpolations-array" count="30">
            <param type="name"/>
          </accessor>
        </technique_common>
      </source>
      <sampler id="Spine-Matrix-animation-transform">
        <input semantic="INPUT" source="#Spine-Matrix-animation-input"/>
        <input semantic="OUTPUT" source="#Spine-Matrix-animation-output-transform"/>
        <input semantic="INTERPOLATION" source="#Spine-Interpolations"/>
      </sampler>
      <channel source="#Spine-Matrix-animation-transform" target="Spine/matrix"/>
      <source id="Spine1-Matrix-animation-input">
        <float_array id="Spine1-Matrix-animation-input-array" count="30">

0.000000 0.033333 0.066667 0.100000 0.133333 0.166667 0.200000 0.233333 0.266667 0.300000 0.333333 0.366667 0.400000 0.433333 0.466667 0.500000
0.533333 0.566667 0.600000 0.633333 0.666667 0.700000 0.733333 0.766667 0.800000 0.833333 0.866667 0.900000 0.933333 0.966667</float_array>
        <technique_common>
          <accessor source="#Spine1-Matrix-animation-input-array" count="30">
            <param name="TIME" type="float"/>
          </accessor>
        </technique_common>
      </source>
      <source id="Spine1-Matrix-animation-output-transform">
        <float_array id="Spine1-Matrix-animation-output-transform-array" count="480">

0.998874 -0.040468 0.024769 -0.031400 0.040994 0.998937 -0.021099 11.044900 -0.023889 0.022090 0.999471 -0.697600 0.000000 0.000000 0.000000 1.000000
0.999133 -0.033000 0.025377 -0.031400 0.033436 0.999297 -0.016958 11.044900 -0.024799 0.017792 0.999534 -0.697600 0.000000 0.000000 0.000000 1.000000
0.999415 -0.024608 0.023743 -0.031400 0.025078 0.999491 -0.019706 11.044900 -0.023246 0.020290 0.999524 -0.697600 0.000000 0.000000 0.000000 1.000000
0.999470 -0.021120 0.024792 -0.031400 0.021514 0.999645 -0.015742 11.044900 -0.024451 0.016267 0.999569 -0.697600 0.000000 0.000000 0.000000 1.000000
0.999640 -0.018425 0.019478 -0.031400 0.018569 0.999801 -0.007223 11.044900 -0.019341 0.007582 0.999784 -0.697600 0.000000 0.000000 0.000000 1.000000
0.999823 -0.015563 0.010544 -0.031400 0.015533 0.999875 0.002975 11.044900 -0.010589 -0.002811 0.999940 -0.697600 0.000000 0.000000 0.000000 1.000000
0.999950 -0.008868 0.004660 -0.031400 0.008816 0.999899 0.011175 11.044900 -0.004759 -0.011133 0.999927 -0.697600 0.000000 0.000000 0.000000 1.000000
0.999993 -0.003207 -0.001803 -0.031400 0.003216 0.999983 0.004846 11.044900 0.001787 -0.004852 0.999987 -0.697600 0.000000 0.000000 0.000000 1.000000
0.999999 -0.000933 -0.001172 -0.031400 0.000909 0.999795 -0.020251 11.044900 0.001191 0.020250 0.999794 -0.697600 0.000000 0.000000 0.000000 1.000000
0.999971 0.002083 0.007315 -0.031400 -0.001760 0.999037 -0.043850 11.044900 -0.007399 0.043836 0.999011 -0.697600 0.000000 0.000000 0.000000 1.000000
0.999975 0.002955 0.006409 -0.031400 -0.002624 0.998696 -0.050989 11.044900 -0.006551 0.050971 0.998679 -0.697600 0.000000 0.000000 0.000000 1.000000
0.999990 0.003841 0.002295 -0.031400 -0.003734 0.998983 -0.044941 11.044900 -0.002465 0.044932 0.998987 -0.697600 0.000000 0.000000 0.000000 1.000000
0.999987 0.005158 -0.000361 -0.031400 -0.005169 0.999138 -0.041189 11.044900 0.000148 0.041190 0.999151 -0.697600 0.000000 0.000000 0.000000 1.000000
0.999993 0.003629 0.001249 -0.031400 -0.003565 0.998840 -0.048022 11.044900 -0.001421 0.048017 0.998846 -0.697600 0.000000 0.000000 0.000000 1.000000
0.999989 0.003660 0.002774 -0.031400 -0.003497 0.998386 -0.056676 11.044900 -0.002977 0.056666 0.998389 -0.697600 0.000000 0.000000 0.000000 1.000000
0.999962 0.001121 0.008588 -0.031400 -0.000787 0.999246 -0.038806 11.044900 -0.008625 0.038797 0.999210 -0.697600 0.000000 0.000000 0.000000 1.000000
0.999919 0.001842 0.012613 -0.031400 -0.001474 0.999574 -0.029133 11.044900 -0.012661 0.029112 0.999496 -0.697600 0.000000 0.000000 0.000000 1.000000
0.999898 0.001616 0.014201 -0.031400 -0.001212 0.999597 -0.028376 11.044900 -0.014242 0.028356 0.999496 -0.697600 0.000000 0.000000 0.000000 1.000000
0.999853 0.002498 0.016992 -0.031400 -0.002003 0.999576 -0.029060 11.044900 -0.017057 0.029021 0.999433 -0.697600 0.000000 0.000000 0.000000 1.000000
0.999836 0.003799 0.017688 -0.031400 -0.003287 0.999578 -0.028879 11.044900 -0.017790 0.028816 0.999426 -0.697600 0.000000 0.000000 0.000000 1.000000
0.999825 0.004016 0.018262 -0.031400 -0.003495 0.999588 -0.028475 11.044900 -0.018369 0.028407 0.999428 -0.697600 0.000000 0.000000 0.000000 1.000000
0.999774 -0.001092 0.021246 -0.031400 0.001639 0.999666 -0.025783 11.044900 -0.021211 0.025812 0.999442 -0.697600 0.000000 0.000000 0.000000 1.000000
0.999698 -0.006904 0.023564 -0.031400 0.007447 0.999707 -0.023031 11.044900 -0.023398 0.023200 0.999457 -0.697600 0.000000 0.000000 0.000000 1.000000
0.999677 -0.012412 0.022155 -0.031400 0.012824 0.999746 -0.018556 11.044900 -0.021919 0.018834 0.999582 -0.697600 0.000000 0.000000 0.000000 1.000000
0.999595 -0.020324 0.019913 -0.031400 0.020567 0.999715 -0.012109 11.044900 -0.019662 0.012514 0.999728 -0.697600 0.000000 0.000000 0.000000 1.000000
0.999503 -0.024958 0.019248 -0.031400 0.025177 0.999620 -0.011219 11.044900 -0.018961 0.011698 0.999752 -0.697600 0.000000 0.000000 0.000000 1.000000
0.999337 -0.030115 0.020472 -0.031400 0.030395 0.999447 -0.013501 11.044900 -0.020054 0.014115 0.999699 -0.697600 0.000000 0.000000 0.000000 1.000000
0.999133 -0.035142 0.022329 -0.031400 0.035521 0.999228 -0.016812 11.044900 -0.021721 0.017591 0.999609 -0.697600 0.000000 0.000000 0.000000 1.000000
0.998952 -0.038953 0.024026 -0.031400 0.039432 0.999026 -0.019792 11.044900 -0.023232 0.020719 0.999515 -0.697600 0.000000 0.000000 0.000000 1.000000
0.998874 -0.040468 0.024769 -0.031400 0.040994 0.998937 -0.021099 11.044900 -0.023889 0.022090 0.999471 -0.697600 0.000000 0.000000 0.000000 1.000000</float_array>
        <technique_common>
          <accessor source="#Spine1-Matrix-animation-output-transform-array" count="30" stride="16">
            <param type="float4x4"/>
          </accessor>
        </technique_common>
      </source>
      <source id="Spine1-Interpolations">
        <Name_array id="Spine1-Interpolations-array" count="30">
 LINEAR LINEAR LINEAR LINEAR LINEAR LINEAR LINEAR LINEAR LINEAR LINEAR LINEAR
LINEAR LINEAR LINEAR LINEAR LINEAR LINEAR LINEAR LINEAR LINEAR LINEAR LINEAR LINEAR
LINEAR LINEAR LINEAR LINEAR LINEAR LINEAR LINEAR</Name_array>
        <technique_common>
          <accessor source="#Spine1-Interpolations-array" count="30">
            <param type="name"/>
          </accessor>
        </technique_common>
      </source>
      <sampler id="Spine1-Matrix-animation-transform">
        <input semantic="INPUT" source="#Spine1-Matrix-animation-input"/>
        <input semantic="OUTPUT" source="#Spine1-Matrix-animation-output-transform"/>
        <input semantic="INTERPOLATION" source="#Spine1-Interpolations"/>
      </sampler>
      <channel source="#Spine1-Matrix-animation-transform" target="Spine1/matrix"/>
      <source id="Spine2-Matrix-animation-input">
        <float_array id="Spine2-Matrix-animation-input-array" count="30">

0.000000 0.033333 0.066667 0.100000 0.133333 0.166667 0.200000 0.233333 0.266667 0.300000 0.333333 0.366667 0.400000 0.433333 0.466667 0.500000
0.533333 0.566667 0.600000 0.633333 0.666667 0.700000 0.733333 0.766667 0.800000 0.833333 0.866667 0.900000 0.933333 0.966667</float_array>
        <technique_common>
          <accessor source="#Spine2-Matrix-animation-input-array" count="30">
            <param name="TIME" type="float"/>
          </accessor>
        </technique_common>
      </source>
      <source id="Spine2-Matrix-animation-output-transform">
        <float_array id="Spine2-Matrix-animation-output-transform-array" count="480">

0.999578 -0.018211 0.022651 -0.035900 0.018298 0.999826 -0.003654 8.068900 -0.022580 0.004067 0.999737 -1.087700 0.000000 0.000000 0.000000 1.000000
0.999633 -0.013147 0.023684 -0.035900 0.013182 0.999912 -0.001314 8.068900 -0.023664 0.001626 0.999719 -1.087700 0.000000 0.000000 0.000000 1.000000
0.999720 -0.007365 0.022486 -0.035900 0.007505 0.999953 -0.006130 8.068900 -0.022440 0.006297 0.999728 -1.087700 0.000000 0.000000 0.000000 1.000000
0.999695 -0.006769 0.023760 -0.035900 0.006876 0.999967 -0.004422 8.068900 -0.023729 0.004584 0.999708 -1.087700 0.000000 0.000000 0.000000 1.000000
0.999801 -0.007079 0.018644 -0.035900 0.007048 0.999974 0.001711 8.068900 -0.018655 -0.001579 0.999825 -1.087700 0.000000 0.000000 0.000000 1.000000
0.999926 -0.007144 0.009879 -0.035900 0.007049 0.999929 0.009573 8.068900 -0.009947 -0.009503 0.999905 -1.087700 0.000000 0.000000 0.000000 1.000000
0.999986 -0.003104 0.004331 -0.035900 0.003036 0.999873 0.015675 8.068900 -0.004379 -0.015661 0.999868 -1.087700 0.000000 0.000000 0.000000 1.000000
0.999998 0.000233 -0.001982 -0.035900 -0.000218 0.999972 0.007516 8.068900 0.001983 -0.007515 0.999970 -1.087700 0.000000 0.000000 0.000000 1.000000
0.999999 0.000636 -0.001345 -0.035900 -0.000661 0.999819 -0.018990 8.068900 0.001333 0.018991 0.999819 -1.087700 0.000000 0.000000 0.000000 1.000000
0.999972 0.002770 0.007022 -0.035900 -0.002462 0.999051 -0.043486 8.068900 -0.007136 0.043468 0.999029 -1.087700 0.000000 0.000000 0.000000 1.000000
0.999976 0.003234 0.006065 -0.035900 -0.002921 0.998696 -0.050962 8.068900 -0.006222 0.050943 0.998682 -1.087700 0.000000 0.000000 0.000000 1.000000
0.999990 0.003966 0.002283 -0.035900 -0.003859 0.998982 -0.044953 8.068900 -0.002458 0.044944 0.998986 -1.087700 0.000000 0.000000 0.000000 1.000000
0.999986 0.005242 -0.000093 -0.035900 -0.005241 0.999138 -0.041188 8.068900 -0.000123 0.041188 0.999151 -1.087700 0.000000 0.000000 0.000000 1.000000
0.999992 0.003765 0.001311 -0.035900 -0.003698 0.998840 -0.048016 8.068900 -0.001490 0.048011 0.998846 -1.087700 0.000000 0.000000 0.000000 1.000000
0.999990 0.003803 0.002539 -0.035900 -0.003653 0.998386 -0.056683 8.068900 -0.002750 0.056673 0.998389 -1.087700 0.000000 0.000000 0.000000 1.000000
0.999962 0.001552 0.008532 -0.035900 -0.001220 0.999246 -0.038795 8.068900 -0.008586 0.038783 0.999211 -1.087700 0.000000 0.000000 0.000000 1.000000
0.999918 0.002346 0.012584 -0.035900 -0.001979 0.999574 -0.029106 8.068900 -0.012647 0.029079 0.999497 -1.087700 0.000000 0.000000 0.000000 1.000000
0.999898 0.002118 0.014121 -0.035900 -0.001717 0.999597 -0.028350 8.068900 -0.014175 0.028323 0.999498 -1.087700 0.000000 0.000000 0.000000 1.000000
0.999853 0.003131 0.016850 -0.035900 -0.002642 0.999577 -0.028947 8.068900 -0.016934 0.028898 0.999439 -1.087700 0.000000 0.000000 0.000000 1.000000
0.999834 0.005021 0.017507 -0.035900 -0.004526 0.999591 -0.028234 8.068900 -0.017641 0.028150 0.999448 -1.087700 0.000000 0.000000 0.000000 1.000000
0.999817 0.006427 0.018007 -0.035900 -0.005943 0.999623 -0.026809 8.068900 -0.018172 0.026697 0.999478 -1.087700 0.000000 0.000000 0.000000 1.000000
0.999780 0.002902 0.020751 -0.035900 -0.002428 0.999737 -0.022817 8.068900 -0.020812 0.022762 0.999524 -1.087700 0.000000 0.000000 0.000000 1.000000
0.999739 -0.001127 0.022814 -0.035900 0.001552 0.999826 -0.018603 8.068900 -0.022789 0.018634 0.999567 -1.087700 0.000000 0.000000 0.000000 1.000000
0.999765 -0.004501 0.021222 -0.035900 0.004763 0.999913 -0.012334 8.068900 -0.021165 0.012433 0.999699 -1.087700 0.000000 0.000000 0.000000 1.000000
0.999773 -0.010061 0.018757 -0.035900 0.010138 0.999941 -0.003994 8.068900 -0.018716 0.004183 0.999816 -1.087700 0.000000 0.000000 0.000000 1.000000
0.999765 -0.012183 0.017914 -0.035900 0.012205 0.999925 -0.001115 8.068900 -0.017900 0.001333 0.999839 -1.087700 0.000000 0.000000 0.000000 1.000000
0.999720 -0.014259 0.018891 -0.035900 0.014281 0.999898 -0.000992 8.068900 -0.018875 0.001261 0.999821 -1.087700 0.000000 0.000000 0.000000 1.000000
0.999659 -0.016204 0.020493 -0.035900 0.016246 0.999866 -0.001915 8.068900 -0.020459 0.002248 0.999788 -1.087700 0.000000 0.000000 0.000000 1.000000
0.999602 -0.017644 0.021989 -0.035900 0.017716 0.999838 -0.003073 8.068900 -0.021932 0.003461 0.999753 -1.087700 0.000000 0.000000 0.000000 1.000000
0.999578 -0.018211 0.022651 -0.035900 0.018298 0.999826 -0.003654 8.068900 -0.022581 0.004067 0.999737 -1.087700 0.000000 0.000000 0.000000 1.000000</float_array>
        <technique_common>
          <accessor source="#Spine2-Matrix-animation-output-transform-array" count="30" stride="16">
            <param type="float4x4"/>
          </accessor>
        </technique_common>
      </source>
      <source id="Spine2-Interpolations">
        <Name_array id="Spine2-Interpolations-array" count="30">
 LINEAR LINEAR LINEAR LINEAR LINEAR LINEAR LINEAR LINEAR LINEAR LINEAR LINEAR
LINEAR LINEAR LINEAR LINEAR LINEAR LINEAR LINEAR LINEAR LINEAR LINEAR LINEAR LINEAR
LINEAR LINEAR LINEAR LINEAR LINEAR LINEAR LINEAR</Name_array>
        <technique_common>
          <accessor source="#Spine2-Interpolations-array" count="30">
            <param type="name"/>
          </accessor>
        </technique_common>
      </source>
      <sampler id="Spine2-Matrix-animation-transform">
        <input semantic="INPUT" source="#Spine2-Matrix-animation-input"/>
        <input semantic="OUTPUT" source="#Spine2-Matrix-animation-output-transform"/>
        <input semantic="INTERPOLATION" source="#Spine2-Interpolations"/>
      </sampler>
      <channel source="#Spine2-Matrix-animation-transform" target="Spine2/matrix"/>
      <source id="Neck-Matrix-animation-input">
        <float_array id="Neck-Matrix-animation-input-array" count="30">

0.000000 0.033333 0.066667 0.100000 0.133333 0.166667 0.200000 0.233333 0.266667 0.300000 0.333333 0.366667 0.400000 0.433333 0.466667 0.500000
0.533333 0.566667 0.600000 0.633333 0.666667 0.700000 0.733333 0.766667 0.800000 0.833333 0.866667 0.900000 0.933333 0.966667</float_array>
        <technique_common>
          <accessor source="#Neck-Matrix-animation-input-array" count="30">
            <param name="TIME" type="float"/>
          </accessor>
        </technique_common>
      </source>
      <source id="Neck-Matrix-animation-output-transform">
        <float_array id="Neck-Matrix-animation-output-transform-array" count="480">

0.985070 0.027001 0.170026 -0.040300 -0.032879 0.998952 0.031849 18.919500 -0.168988 -0.036964 0.984925 -3.736100 0.000000 0.000000 0.000000 1.000000
0.987329 0.016712 0.157806 -0.040300 -0.029558 0.996404 0.079408 18.919500 -0.155912 -0.083066 0.984272 -3.736100 0.000000 0.000000 0.000000 1.000000
0.988944 0.007844 0.148081 -0.040300 -0.025567 0.992665 0.118163 18.919500 -0.146068 -0.120642 0.981891 -3.736100 0.000000 0.000000 0.000000 1.000000
0.989793 0.004575 0.142442 -0.040300 -0.020452 0.993698 0.110204 18.919500 -0.141041 -0.111993 0.983649 -3.736100 0.000000 0.000000 0.000000 1.000000
0.990147 0.011533 0.139556 -0.040300 -0.019145 0.998393 0.053330 18.919500 -0.138717 -0.055477 0.988777 -3.736100 0.000000 0.000000 0.000000 1.000000
0.989738 0.046146 0.135238 -0.040300 -0.041826 0.998525 -0.034619 18.919500 -0.136636 0.028607 0.990208 -3.736100 0.000000 0.000000 0.000000 1.000000
0.988636 0.080133 0.127188 -0.040300 -0.067745 0.992788 -0.098907 18.919500 -0.134196 0.089167 0.986935 -3.736100 0.000000 0.000000 0.000000 1.000000
0.989600 0.088986 0.113016 -0.040300 -0.080962 0.993987 -0.073718 18.919500 -0.118897 0.063801 0.990855 -3.736100 0.000000 0.000000 0.000000 1.000000
0.990883 0.087307 0.102610 -0.040300 -0.086262 0.996166 -0.014584 18.919500 -0.103490 0.005599 0.994615 -3.736100 0.000000 0.000000 0.000000 1.000000
0.991473 0.079547 0.103218 -0.040300 -0.084635 0.995355 0.045887 18.919500 -0.099089 -0.054231 0.993600 -3.736100 0.000000 0.000000 0.000000 1.000000
0.991703 0.067502 0.109400 -0.040300 -0.079891 0.990363 0.113133 18.919500 -0.100709 -0.120935 0.987539 -3.736100 0.000000 0.000000 0.000000 1.000000
0.991518 0.057924 0.116347 -0.040300 -0.078522 0.980322 0.181114 18.919500 -0.103567 -0.188713 0.976556 -3.736100 0.000000 0.000000 0.000000 1.000000
0.991917 0.042548 0.119543 -0.040300 -0.067940 0.973772 0.217145 18.919500 -0.107169 -0.223512 0.968792 -3.736100 0.000000 0.000000 0.000000 1.000000
0.990950 0.047164 0.125672 -0.040300 -0.073876 0.973318 0.217241 18.919500 -0.112073 -0.224559 0.967994 -3.736100 0.000000 0.000000 0.000000 1.000000
0.990822 0.049063 0.125954 -0.040300 -0.074547 0.975627 0.206387 18.919500 -0.112758 -0.213882 0.970330 -3.736100 0.000000 0.000000 0.000000 1.000000
0.990739 0.048804 0.126707 -0.040300 -0.070939 0.981733 0.176545 18.919500 -0.115776 -0.183898 0.976103 -3.736100 0.000000 0.000000 0.000000 1.000000
0.989929 0.056224 0.129925 -0.040300 -0.075235 0.986361 0.146396 18.919500 -0.119922 -0.154697 0.980657 -3.736100 0.000000 0.000000 0.000000 1.000000
0.988511 0.069646 0.134144 -0.040300 -0.086989 0.987940 0.128094 18.919500 -0.123605 -0.138291 0.982648 -3.736100 0.000000 0.000000 0.000000 1.000000
0.986947 0.081519 0.138886 -0.040300 -0.095479 0.990694 0.097003 18.919500 -0.129686 -0.108998 0.985546 -3.736100 0.000000 0.000000 0.000000 1.000000
0.986722 0.078102 0.142405 -0.040300 -0.086234 0.994925 0.051844 18.919500 -0.137634 -0.063435 0.988450 -3.736100 0.000000 0.000000 0.000000 1.000000
0.986888 0.066734 0.146967 -0.040300 -0.070225 0.997356 0.018684 18.919500 -0.145331 -0.028760 0.988965 -3.736100 0.000000 0.000000 0.000000 1.000000
0.986939 0.060192 0.149427 -0.040300 -0.062860 0.997935 0.013194 18.919500 -0.148324 -0.022415 0.988685 -3.736100 0.000000 0.000000 0.000000 1.000000
0.987117 0.052991 0.150969 -0.040300 -0.056341 0.998249 0.018002 18.919500 -0.149751 -0.026276 0.988375 -3.736100 0.000000 0.000000 0.000000 1.000000
0.987296 0.045812 0.152145 -0.040300 -0.050641 0.998324 0.028016 18.919500 -0.150606 -0.035365 0.987961 -3.736100 0.000000 0.000000 0.000000 1.000000
0.987364 0.039341 0.153508 -0.040300 -0.045706 0.998226 0.038157 18.919500 -0.151734 -0.044691 0.987410 -3.736100 0.000000 0.000000 0.000000 1.000000
0.987224 0.034259 0.155613 -0.040300 -0.041475 0.998198 0.043359 18.919500 -0.153847 -0.049259 0.986866 -3.736100 0.000000 0.000000 0.000000 1.000000
0.986838 0.031127 0.158688 -0.040300 -0.038354 0.998352 0.042686 18.919500 -0.157098 -0.048211 0.986406 -3.736100 0.000000 0.000000 0.000000 1.000000
0.986293 0.029458 0.162352 -0.040300 -0.036336 0.998556 0.039557 18.919500 -0.160952 -0.044914 0.985940 -3.736100 0.000000 0.000000 0.000000 1.000000
0.985675 0.028376 0.166249 -0.040300 -0.034732 0.998768 0.035450 18.919500 -0.165038 -0.040716 0.985446 -3.736100 0.000000 0.000000 0.000000 1.000000
0.985070 0.027001 0.170026 -0.040300 -0.032878 0.998952 0.031849 18.919500 -0.168988 -0.036964 0.984925 -3.736100 0.000000 0.000000 0.000000 1.000000</float_array>
        <technique_common>
          <accessor source="#Neck-Matrix-animation-output-transform-array" count="30" stride="16">
            <param type="float4x4"/>
          </accessor>
        </technique_common>
      </source>
      <source id="Neck-Interpolations">
        <Name_array id="Neck-Interpolations-array" count="30">
 LINEAR LINEAR LINEAR LINEAR LINEAR LINEAR LINEAR LINEAR LINEAR LINEAR LINEAR
LINEAR LINEAR LINEAR LINEAR LINEAR LINEAR LINEAR LINEAR LINEAR LINEAR LINEAR LINEAR
LINEAR LINEAR LINEAR LINEAR LINEAR LINEAR LINEAR</Name_array>
        <technique_common>
          <accessor source="#Neck-Interpolations-array" count="30">
            <param type="name"/>
          </accessor>
        </technique_common>
      </source>
      <sampler id="Neck-Matrix-animation-transform">
        <input semantic="INPUT" source="#Neck-Matrix-animation-input"/>
        <input semantic="OUTPUT" source="#Neck-Matrix-animation-output-transform"/>
        <input semantic="INTERPOLATION" source="#Neck-Interpolations"/>
      </sampler>
      <channel source="#Neck-Matrix-animation-transform" target="Neck/matrix"/>
      <source id="Head-Matrix-animation-input">
        <float_array id="Head-Matrix-animation-input-array" count="30">

0.000000 0.033333 0.066667 0.100000 0.133333 0.166667 0.200000 0.233333 0.266667 0.300000 0.333333 0.366667 0.400000 0.433333 0.466667 0.500000
0.533333 0.566667 0.600000 0.633333 0.666667 0.700000 0.733333 0.766667 0.800000 0.833333 0.866667 0.900000 0.933333 0.966667</float_array>
        <technique_common>
          <accessor source="#Head-Matrix-animation-input-array" count="30">
            <param name="TIME" type="float"/>
          </accessor>
        </technique_common>
      </source>
      <source id="Head-Matrix-animation-output-transform">
        <float_array id="Head-Matrix-animation-output-transform-array" count="480">

0.912383 0.079625 0.401518 0.000000 -0.112643 0.991866 0.059267 8.673000 -0.393533 -0.099302 0.913932 3.319300 0.000000 0.000000 0.000000 1.000000
0.922836 0.072354 0.378337 0.000000 -0.137284 0.979482 0.147544 8.673000 -0.359899 -0.188098 0.913834 3.319300 0.000000 0.000000 0.000000 1.000000
0.931760 0.063857 0.357414 -0.000000 -0.152085 0.962532 0.224507 8.673000 -0.329686 -0.263544 0.906561 3.319300 0.000000 0.000000 0.000000 1.000000
0.938465 0.046297 0.342258 0.000000 -0.132820 0.963144 0.233907 8.673000 -0.318814 -0.264972 0.910026 3.319300 0.000000 0.000000 0.000000 1.000000
0.943928 0.020686 0.329503 0.000000 -0.082610 0.981085 0.175064 8.673000 -0.319649 -0.192468 0.927783 3.319300 0.000000 0.000000 0.000000 1.000000
0.953435 -0.006346 0.301533 -0.000000 -0.023523 0.995169 0.095321 8.673000 -0.300681 -0.097975 0.948679 3.319300 0.000000 0.000000 0.000000 1.000000
0.962380 -0.021409 0.270861 0.000000 0.012779 0.999354 0.033586 8.673000 -0.271405 -0.028861 0.962033 3.319300 0.000000 0.000000 0.000000 1.000000
0.969558 -0.003876 0.244829 0.000000 -0.010379 0.998325 0.056909 8.673000 -0.244640 -0.057717 0.967895 3.319300 0.000000 0.000000 0.000000 1.000000
0.971803 0.030046 0.233872 -0.000000 -0.055727 0.993017 0.103984 8.673000 -0.229114 -0.114085 0.966691 3.319300 0.000000 0.000000 0.000000 1.000000
0.965105 0.072179 0.251720 0.000000 -0.106341 0.986460 0.124853 8.673000 -0.239300 -0.147264 0.959713 3.319300 0.000000 0.000000 0.000000 1.000000
0.951769 0.118054 0.283196 -0.000000 -0.162164 0.977112 0.137681 8.673000 -0.260460 -0.176964 0.949128 3.319300 0.000000 0.000000 0.000000 1.000000
0.938885 0.149992 0.309835 -0.000000 -0.205548 0.966280 0.155091 8.673000 -0.276124 -0.209299 0.938056 3.319300 0.000000 0.000000 0.000000 1.000000
0.927183 0.164512 0.336552 -0.000000 -0.240030 0.950655 0.196573 8.673000 -0.287607 -0.263041 0.920919 3.319300 0.000000 0.000000 0.000000 1.000000
0.917732 0.175603 0.356274 0.000000 -0.267578 0.936219 0.227808 8.673000 -0.293546 -0.304398 0.906186 3.319300 0.000000 0.000000 0.000000 1.000000
0.912123 0.197274 0.359326 0.000000 -0.282105 0.938073 0.201089 8.673000 -0.297404 -0.284785 0.911289 3.319300 0.000000 0.000000 0.000000 1.000000
0.910739 0.194470 0.364329 -0.000000 -0.268981 0.948736 0.165979 8.673000 -0.313374 -0.249161 0.916360 3.319300 0.000000 0.000000 0.000000 1.000000
0.912094 0.181439 0.367648 0.000000 -0.246285 0.959390 0.137534 8.673000 -0.327763 -0.215990 0.919739 3.319300 0.000000 0.000000 0.000000 1.000000
0.915120 0.168783 0.366153 0.000000 -0.224530 0.967644 0.115116 8.673000 -0.334876 -0.187557 0.923407 3.319300 0.000000 0.000000 0.000000 1.000000
0.917266 0.146966 0.370167 -0.000000 -0.197751 0.974827 0.102990 8.673000 -0.345713 -0.167670 0.923238 3.319300 0.000000 0.000000 0.000000 1.000000
0.914314 0.131582 0.383036 -0.000000 -0.175548 0.981048 0.082024 8.673000 -0.364984 -0.142237 0.920085 3.319300 0.000000 0.000000 0.000000 1.000000
0.910054 0.117384 0.397520 0.000000 -0.155132 0.985816 0.064044 8.673000 -0.384364 -0.119952 0.915356 3.319300 0.000000 0.000000 0.000000 1.000000
0.910625 0.109355 0.398501 0.000000 -0.150340 0.985936 0.072989 8.673000 -0.384915 -0.126376 0.914259 3.319300 0.000000 0.000000 0.000000 1.000000
0.911419 0.106155 0.397552 -0.000000 -0.156077 0.983137 0.095300 8.673000 -0.380731 -0.148907 0.912617 3.319300 0.000000 0.000000 0.000000 1.000000
0.912284 0.105484 0.395742 0.000000 -0.165972 0.978583 0.121769 8.673000 -0.374421 -0.176770 0.910253 3.319300 0.000000 0.000000 0.000000 1.000000
0.913035 0.105035 0.394125 0.000000 -0.173906 0.974292 0.143222 8.673000 -0.368950 -0.199307 0.907829 3.319300 0.000000 0.000000 0.000000 1.000000
0.913483 0.102501 0.393755 -0.000000 -0.174084 0.973157 0.150531 8.673000 -0.367755 -0.206054 0.906806 3.319300 0.000000 0.000000 0.000000 1.000000
0.913509 0.097556 0.394948 -0.000000 -0.164378 0.976557 0.138984 8.673000 -0.372130 -0.191884 0.908130 3.319300 0.000000 0.000000 0.000000 1.000000
0.913229 0.091753 0.396982 -0.000000 -0.148638 0.982191 0.114921 8.673000 -0.379368 -0.163955 0.910603 3.319300 0.000000 0.000000 0.000000 1.000000
0.912797 0.085605 0.399342 0.000000 -0.130188 0.987767 0.085835 8.673000 -0.387109 -0.130340 0.912775 3.319300 0.000000 0.000000 0.000000 1.000000
0.912383 0.079625 0.401518 -0.000000 -0.112643 0.991866 0.059267 8.673000 -0.393533 -0.099303 0.913932 3.319300 0.000000 0.000000 0.000000 1.000000</float_array>
        <technique_common>
          <accessor source="#Head-Matrix-animation-output-transform-array" count="30" stride="16">
            <param type="float4x4"/>
          </accessor>
        </technique_common>
      </source>
      <source id="Head-Interpolations">
        <Name_array id="Head-Interpolations-array" count="30">
 LINEAR LINEAR LINEAR LINEAR LINEAR LINEAR LINEAR LINEAR LINEAR LINEAR LINEAR
LINEAR LINEAR LINEAR LINEAR LINEAR LINEAR LINEAR LINEAR LINEAR LINEAR LINEAR LINEAR
LINEAR LINEAR LINEAR LINEAR LINEAR LINEAR LINEAR</Name_array>
        <technique_common>
          <accessor source="#Head-Interpolations-array" count="30">
            <param type="name"/>
          </accessor>
        </technique_common>
      </source>
      <sampler id="Head-Matrix-animation-transform">
        <input semantic="INPUT" source="#Head-Matrix-animation-input"/>
        <input semantic="OUTPUT" source="#Head-Matrix-animation-output-transform"/>
        <input semantic="INTERPOLATION" source="#Head-Interpolations"/>
      </sampler>
      <channel source="#Head-Matrix-animation-transform" target="Head/matrix"/>
      <source id="RightShoulder-Matrix-animation-input">
        <float_array id="RightShoulder-Matrix-animation-input-array" count="30">

0.000000 0.033333 0.066667 0.100000 0.133333 0.166667 0.200000 0.233333 0.266667 0.300000 0.333333 0.366667 0.400000 0.433333 0.466667 0.500000
0.533333 0.566667 0.600000 0.633333 0.666667 0.700000 0.733333 0.766667 0.800000 0.833333 0.866667 0.900000 0.933333 0.966667</float_array>
        <technique_common>
          <accessor source="#RightShoulder-Matrix-animation-input-array" count="30">
            <param name="TIME" type="float"/>
          </accessor>
        </technique_common>
      </source>
      <source id="RightShoulder-Matrix-animation-output-transform">
        <float_array id="RightShoulder-Matrix-animation-output-transform-array" count="480">

0.942570 -0.046166 -0.330801 -6.576700 0.091000 0.988430 0.121345 15.024500 0.321372 -0.144479 0.935866 -2.119600 0.000000 0.000000 0.000000 1.000000
0.951733 -0.074564 -0.297731 -6.576700 0.116033 0.985460 0.124114 15.024500 0.284148 -0.152670 0.946547 -2.119600 0.000000 0.000000 0.000000 1.000000
