<?xml version="1.0" encoding="utf-8"?>
<COLLADA xmlns="http://www.collada.org/2005/11/COLLADASchema" version="1.4.1">
  <asset>
    <contributor>
      <author>Mixamo</author>
      <authoring_tool>COLLADA Mixamo exporter</authoring_tool>
      <comments/>
    </contributor>
    <created>2019-04-09T09:33:32Z</created>
    <modified>2019-04-09T09:33:32Z</modified>
    <revision/>
    <title/>
    <unit meter="0.010000"/>
    <up_axis>Y_UP</up_axis>
  </asset>
  <library_animations>
    <animation>
      <source id="Hips-Matrix-animation-input">
        <float_array id="Hips-Matrix-animation-input-array" count="19">

0.000000 0.033333 0.066667 0.100000 0.133333 0.166667 0.200000 0.233333 0.266667 0.300000 0.333333 0.366667 0.400000 0.433333 0.466667 0.500000
0.533333 0.566667 0.600000</float_array>
        <technique_common>
          <accessor source="#Hips-Matrix-animation-input-array" count="19">
            <param name="TIME" type="float"/>
          </accessor>
        </technique_common>
      </source>
      <source id="Hips-Matrix-animation-output-transform">
        <float_array id="Hips-Matrix-animation-output-transform-array" count="304">

0.772096 -0.075904 -0.630957 0.000011 -0.188274 0.920950 -0.341179 93.068649 0.606977 0.382216 0.696771 -0.000031 0.000000 0.000000 0.000000 1.000000
0.788849 -0.117315 -0.603287 -0.288545 -0.140753 0.921037 -0.363151 94.694916 0.598253 0.371385 0.710047 -2.414190 0.000000 0.000000 0.000000 1.000000
0.834018 -0.155617 -0.529336 -1.003874 -0.083471 0.912769 -0.399857 97.052071 0.545386 0.377672 0.748277 -3.759582 0.000000 0.000000 0.000000 1.000000
0.890178 -0.160760 -0.426309 -1.897185 -0.044085 0.900900 -0.431781 98.634262 0.453475 0.403156 0.794874 -4.073975 0.000000 0.000000 0.000000 1.000000
0.936090 -0.117059 -0.331712 -2.208051 -0.041584 0.899565 -0.434803 99.170784 0.349294 0.420809 0.837206 -3.713026 0.000000 0.000000 0.000000 1.000000
0.959962 -0.057272 -0.274214 -1.736843 -0.061239 0.912296 -0.404927 98.514633 0.273355 0.405507 0.872262 -4.177029 0.000000 0.000000 0.000000 1.000000
0.963963 -0.038888 -0.263177 -0.778663 -0.063141 0.927548 -0.368331 96.256798 0.258433 0.371675 0.891667 -5.611917 0.000000 0.000000 0.000000 1.000000
0.952337 -0.071347 -0.296587 0.290904 -0.038564 0.936304 -0.349067 94.000862 0.302601 0.343867 0.888925 -6.770130 0.000000 0.000000 0.000000 1.000000
0.928175 -0.099476 -0.358602 1.258165 -0.035664 0.935400 -0.351789 93.013222 0.370431 0.339311 0.864667 -7.043934 0.000000 0.000000 0.000000 1.000000
0.903204 -0.077378 -0.422178 2.119477 -0.095809 0.922449 -0.374042 93.066109 0.418381 0.378285 0.825747 -6.648185 0.000000 0.000000 0.000000 1.000000
0.882512 -0.020940 -0.469824 2.762832 -0.197407 0.890244 -0.410484 94.024818 0.426853 0.455003 0.781517 -5.596015 0.000000 0.000000 0.000000 1.000000
0.864628 0.019408 -0.502038 3.042054 -0.274764 0.854846 -0.440162 95.091690 0.420623 0.518518 0.744456 -3.599257 0.000000 0.000000 0.000000 1.000000
0.853391 0.012881 -0.521112 2.826094 -0.285599 0.847849 -0.446749 95.117615 0.436070 0.530081 0.727226 -1.153673 0.000000 0.000000 0.000000 1.000000
0.845136 -0.015653 -0.534322 2.222003 -0.255273 0.866411 -0.429147 94.626411 0.469660 0.499086 0.728239 0.575741 0.000000 0.000000 0.000000 1.000000
0.828656 -0.016385 -0.559518 1.303207 -0.250063 0.883447 -0.396219 93.040329 0.500797 0.468244 0.727977 0.836732 0.000000 0.000000 0.000000 1.000000
0.795964 0.008132 -0.605289 0.507496 -0.286085 0.886251 -0.364300 91.451538 0.533475 0.463134 0.707751 0.048178 0.000000 0.000000 0.000000 1.000000
0.756373 0.010747 -0.654052 0.100298 -0.307268 0.888530 -0.340737 90.480400 0.577483 0.458693 0.675362 -0.355398 0.000000 0.000000 0.000000 1.000000
0.741417 -0.023958 -0.670617 0.072760 -0.269295 0.904737 -0.330048 91.171600 0.614639 0.425297 0.664336 -0.481967 0.000000 0.000000 0.000000 1.000000
0.772096 -0.075904 -0.630957 0.000005 -0.188274 0.920951 -0.341179 93.068649 0.606977 0.382216 0.696771 -0.000017 0.000000 0.000000 0.000000 1.000000</float_array>
        <technique_common>
          <accessor source="#Hips-Matrix-animation-output-transform-array" count="19" stride="16">
            <param type="float4x4"/>
          </accessor>
        </technique_common>
      </source>
      <source id="Hips-Interpolations">
        <Name_array id="Hips-Interpolations-array" count="19">
 LINEAR LINEAR LINEAR LINEAR LINEAR LINEAR LINEAR LINEAR LINEAR LINEAR LINEAR
LINEAR LINEAR LINEAR LINEAR LINEAR LINEAR LINEAR LINEAR</Name_array>
        <technique_common>
          <accessor source="#Hips-Interpolations-array" count="19">
            <param type="name"/>
          </accessor>
        </technique_common>
      </source>
      <sampler id="Hips-Matrix-animation-transform">
        <input semantic="INPUT" source="#Hips-Matrix-animation-input"/>
        <input semantic="OUTPUT" source="#Hips-Matrix-animation-output-transform"/>
        <input semantic="INTERPOLATION" source="#Hips-Interpolations"/>
      </sampler>
      <channel source="#Hips-Matrix-animation-transform" target="Hips/matrix"/>
      <source id="Spine-Matrix-animation-input">
        <float_array id="Spine-Matrix-animation-input-array" count="19">

0.000000 0.033333 0.066667 0.100000 0.133333 0.166667 0.200000 0.233333 0.266667 0.300000 0.333333 0.366667 0.400000 0.433333 0.466667 0.500000
0.533333 0.566667 0.600000</float_array>
        <technique_common>
          <accessor source="#Spine-Matrix-animation-input-array" count="19">
            <param name="TIME" type="float"/>
          </accessor>
        </technique_common>
      </source>
      <source id="Spine-Matrix-animation-output-transform">
        <float_array id="Spine-Matrix-animation-output-transform-array" count="304">

0.999752 -0.021102 0.007169 0.000000 0.022246 0.964177 -0.264327 5.245300 -0.001335 0.264421 0.964407 0.258800 0.000000 0.000000 0.000000 1.000000
0.999060 0.033354 0.027672 -0.000000 -0.024979 0.964948 -0.261251 5.245300 -0.035415 0.260314 0.964874 0.258800 0.000000 0.000000 0.000000 1.000000
0.995944 0.086975 0.023052 0.000000 -0.078958 0.967654 -0.239606 5.245300 -0.043146 0.236814 0.970597 0.258800 0.000000 0.000000 0.000000 1.000000
0.993854 0.110690 -0.001491 0.000000 -0.108725 0.973501 -0.201181 5.245300 -0.020817 0.200107 0.979553 0.258800 0.000000 0.000000 0.000000 1.000000
0.994950 0.089033 -0.046335 0.000000 -0.096062 0.978492 -0.182551 5.245300 0.029085 0.186080 0.982104 0.258800 0.000000 0.000000 0.000000 1.000000
0.992667 0.053607 -0.108347 0.000000 -0.076014 0.973726 -0.214661 5.245300 0.093993 0.221323 0.970660 0.258800 0.000000 0.000000 0.000000 1.000000
0.984078 0.049783 -0.170622 0.000000 -0.093174 0.961987 -0.256709 5.245300 0.151357 0.268519 0.951309 0.258800 0.000000 0.000000 0.000000 1.000000
0.972482 0.082425 -0.217910 0.000000 -0.141380 0.952205 -0.270773 5.245300 0.185177 0.294130 0.937655 0.258800 0.000000 0.000000 0.000000 1.000000
0.963499 0.095132 -0.250240 0.000000 -0.163405 0.949395 -0.268232 5.245300 0.212059 0.299331 0.930286 0.258800 0.000000 0.000000 0.000000 1.000000
0.958442 0.030866 -0.283612 0.000000 -0.110939 0.956209 -0.270844 5.245300 0.262832 0.291052 0.919896 0.258800 0.000000 0.000000 0.000000 1.000000
0.940575 -0.097283 -0.325354 0.000000 -0.000244 0.957895 -0.287120 5.245300 0.339587 0.270137 0.900948 0.258800 0.000000 0.000000 0.000000 1.000000
0.906270 -0.215709 -0.363516 0.000000 0.104092 0.947394 -0.302670 5.245300 0.409681 0.236462 0.881049 0.258800 0.000000 0.000000 0.000000 1.000000
0.883597 -0.261208 -0.388622 0.000000 0.150768 0.944457 -0.292011 5.245300 0.443312 0.199429 0.873901 0.258800 0.000000 0.000000 0.000000 1.000000
0.891895 -0.241856 -0.382137 0.000000 0.141159 0.951647 -0.272840 5.245300 0.429648 0.189403 0.882910 0.258800 0.000000 0.000000 0.000000 1.000000
0.920385 -0.212053 -0.328521 0.000000 0.125659 0.956014 -0.265040 5.245300 0.370273 0.202657 0.906547 0.258800 0.000000 0.000000 0.000000 1.000000
0.952777 -0.196778 -0.231289 -0.000000 0.132818 0.954963 -0.265339 5.245300 0.273085 0.222090 0.936002 0.258800 0.000000 0.000000 0.000000 1.000000
0.977507 -0.172280 -0.121653 -0.000000 0.137271 0.957635 -0.253164 5.245300 0.160115 0.230770 0.959744 0.258800 0.000000 0.000000 0.000000 1.000000
0.993804 -0.105663 -0.034482 -0.000000 0.093500 0.962506 -0.254638 5.245300 0.060095 0.249836 0.966421 0.258800 0.000000 0.000000 0.000000 1.000000
0.999752 -0.021101 0.007169 -0.000000 0.022246 0.964177 -0.264326 5.245300 -0.001335 0.264420 0.964407 0.258800 0.000000 0.000000 0.000000 1.000000</float_array>
        <technique_common>
          <accessor source="#Spine-Matrix-animation-output-transform-array" count="19" stride="16">
            <param type="float4x4"/>
          </accessor>
        </technique_common>
      </source>
      <source id="Spine-Interpolations">
        <Name_array id="Spine-Interpolations-array" count="19">
 LINEAR LINEAR LINEAR LINEAR LINEAR LINEAR LINEAR LINEAR LINEAR LINEAR LINEAR
LINEAR LINEAR LINEAR LINEAR LINEAR LINEAR LINEAR LINEAR</Name_array>
        <technique_common>
          <accessor source="#Spine-Interpolations-array" count="19">
            <param type="name"/>
          </accessor>
        </technique_common>
      </source>
      <sampler id="Spine-Matrix-animation-transform">
        <input semantic="INPUT" source="#Spine-Matrix-animation-input"/>
        <input semantic="OUTPUT" source="#Spine-Matrix-animation-output-transform"/>
        <input semantic="INTERPOLATION" source="#Spine-Interpolations"/>
      </sampler>
      <channel source="#Spine-Matrix-animation-transform" target="Spine/matrix"/>
      <source id="Spine1-Matrix-animation-input">
        <float_array id="Spine1-Matrix-animation-input-array" count="19">

0.000000 0.033333 0.066667 0.100000 0.133333 0.166667 0.200000 0.233333 0.266667 0.300000 0.333333 0.366667 0.400000 0.433333 0.466667 0.500000
0.533333 0.566667 0.600000</float_array>
        <technique_common>
          <accessor source="#Spine1-Matrix-animation-input-array" count="19">
            <param name="TIME" type="float"/>
          </accessor>
        </technique_common>
      </source>
      <source id="Spine1-Matrix-animation-output-transform">
        <float_array id="Spine1-Matrix-animation-output-transform-array" count="304">

1.000000 -0.000739 -0.000294 -0.031400 0.000721 0.998250 -0.059138 11.044900 0.000337 0.059138 0.998250 -0.697600 0.000000 0.000000 0.000000 1.000000
0.999965 0.006964 0.004646 -0.031400 -0.006676 0.998218 -0.059298 11.044900 -0.005051 0.059265 0.998229 -0.697600 0.000000 0.000000 0.000000 1.000000
0.999842 0.017068 0.004942 -0.031400 -0.016763 0.998274 -0.056285 11.044900 -0.005894 0.056193 0.998403 -0.697600 0.000000 0.000000 0.000000 1.000000
0.999733 0.023086 0.000987 -0.031400 -0.023011 0.998579 -0.048064 11.044900 -0.002095 0.048028 0.998844 -0.697600 0.000000 0.000000 0.000000 1.000000
0.999767 0.020461 -0.006937 -0.031400 -0.020727 0.998954 -0.040748 11.044900 0.006096 0.040882 0.999145 -0.697600 0.000000 0.000000 0.000000 1.000000
0.999718 0.015821 -0.017697 -0.031400 -0.016580 0.998910 -0.043626 11.044900 0.016988 0.043907 0.998891 -0.697600 0.000000 0.000000 0.000000 1.000000
0.999442 0.017964 -0.028166 -0.031400 -0.019385 0.998511 -0.050986 11.044900 0.027208 0.051503 0.998302 -0.697600 0.000000 0.000000 0.000000 1.000000
0.999002 0.026972 -0.035595 -0.031400 -0.028897 0.998083 -0.054731 11.044900 0.034050 0.055705 0.997866 -0.697600 0.000000 0.000000 0.000000 1.000000
0.998667 0.031435 -0.040927 -0.031400 -0.033646 0.997946 -0.054511 11.044900 0.039130 0.055815 0.997674 -0.697600 0.000000 0.000000 0.000000 1.000000
0.998642 0.020601 -0.047845 -0.031400 -0.023164 0.998292 -0.053639 11.044900 0.046659 0.054675 0.997413 -0.697600 0.000000 0.000000 0.000000 1.000000
0.998325 -0.001757 -0.057824 -0.031400 -0.001408 0.998504 -0.054652 11.044900 0.057834 0.054641 0.996830 -0.697600 0.000000 0.000000 0.000000 1.000000
0.997457 -0.022740 -0.067548 -0.031400 0.019035 0.998306 -0.054984 11.044900 0.068684 0.053559 0.996200 -0.697600 0.000000 0.000000 0.000000 1.000000
0.996846 -0.031326 -0.072911 -0.031400 0.027704 0.998356 -0.050178 11.044900 0.074364 0.047999 0.996075 -0.697600 0.000000 0.000000 0.000000 1.000000
0.997101 -0.026482 -0.071326 -0.031400 0.023265 0.998690 -0.045566 11.044900 0.072440 0.043775 0.996412 -0.697600 0.000000 0.000000 0.000000 1.000000
0.997901 -0.019947 -0.061602 -0.031400 0.017222 0.998863 -0.044457 11.044900 0.062418 0.043303 0.997110 -0.697600 0.000000 0.000000 0.000000 1.000000
0.998816 -0.018437 -0.045010 -0.031400 0.016308 0.998751 -0.047224 11.044900 0.045824 0.046434 0.997870 -0.697600 0.000000 0.000000 0.000000 1.000000
0.999489 -0.019070 -0.025645 -0.031400 0.017796 0.998639 -0.049020 11.044900 0.026545 0.048539 0.998469 -0.697600 0.000000 0.000000 0.000000 1.000000
0.999882 -0.012040 -0.009533 -0.031400 0.011507 0.998470 -0.054081 11.044900 0.010170 0.053965 0.998491 -0.697600 0.000000 0.000000 0.000000 1.000000
1.000000 -0.000739 -0.000294 -0.031400 0.000721 0.998250 -0.059138 11.044900 0.000337 0.059138 0.998250 -0.697600 0.000000 0.000000 0.000000 1.000000</float_array>
        <technique_common>
          <accessor source="#Spine1-Matrix-animation-output-transform-array" count="19" stride="16">
            <param type="float4x4"/>
          </accessor>
        </technique_common>
      </source>
      <source id="Spine1-Interpolations">
        <Name_array id="Spine1-Interpolations-array" count="19">
 LINEAR LINEAR LINEAR LINEAR LINEAR LINEAR LINEAR LINEAR LINEAR LINEAR LINEAR
LINEAR LINEAR LINEAR LINEAR LINEAR LINEAR LINEAR LINEAR</Name_array>
        <technique_common>
          <accessor source="#Spine1-Interpolations-array" count="19">
            <param type="name"/>
          </accessor>
        </technique_common>
      </source>
      <sampler id="Spine1-Matrix-animation-transform">
        <input semantic="INPUT" source="#Spine1-Matrix-animation-input"/>
        <input semantic="OUTPUT" source="#Spine1-Matrix-animation-output-transform"/>
        <input semantic="INTERPOLATION" source="#Spine1-Interpolations"/>
      </sampler>
      <channel source="#Spine1-Matrix-animation-transform" target="Spine1/matrix"/>
      <source id="Spine2-Matrix-animation-input">
        <float_array id="Spine2-Matrix-animation-input-array" count="19">

0.000000 0.033333 0.066667 0.100000 0.133333 0.166667 0.200000 0.233333 0.266667 0.300000 0.333333 0.366667 0.400000 0.433333 0.466667 0.500000
0.533333 0.566667 0.600000</float_array>
        <technique_common>
          <accessor source="#Spine2-Matrix-animation-input-array" count="19">
            <param name="TIME" type="float"/>
          </accessor>
        </technique_common>
      </source>
      <source id="Spine2-Matrix-animation-output-transform">
        <float_array id="Spine2-Matrix-animation-output-transform-array" count="304">

0.999999 -0.000774 -0.000701 -0.035900 0.000731 0.998250 -0.059134 8.068900 0.000746 0.059134 0.998250 -1.087700 0.000000 0.000000 0.000000 1.000000
0.999967 0.006760 0.004567 -0.035900 -0.006477 0.998217 -0.059329 8.068900 -0.004959 0.059298 0.998228 -1.087700 0.000000 0.000000 0.000000 1.000000
0.999845 0.016828 0.005086 -0.035900 -0.016515 0.998274 -0.056350 8.068900 -0.006025 0.056257 0.998398 -1.087700 0.000000 0.000000 0.000000 1.000000
0.999735 0.022983 0.001164 -0.035900 -0.022900 0.998579 -0.048116 8.068900 -0.002268 0.048077 0.998841 -1.087700 0.000000 0.000000 0.000000 1.000000
0.999765 0.020547 -0.006940 -0.035900 -0.020813 0.998955 -0.040693 8.068900 0.006097 0.040828 0.999148 -1.087700 0.000000 0.000000 0.000000 1.000000
0.999712 0.016024 -0.017891 -0.035900 -0.016788 0.998915 -0.043434 8.068900 0.017175 0.043722 0.998896 -1.087700 0.000000 0.000000 0.000000 1.000000
0.999427 0.018303 -0.028484 -0.035900 -0.019729 0.998523 -0.050613 8.068900 0.027516 0.051146 0.998312 -1.087700 0.000000 0.000000 0.000000 1.000000
0.998976 0.027447 -0.035977 -0.035900 -0.029372 0.998103 -0.054111 8.068900 0.034424 0.055112 0.997887 -1.087700 0.000000 0.000000 0.000000 1.000000
0.998633 0.031966 -0.041357 -0.035900 -0.034168 0.997974 -0.053675 8.068900 0.039557 0.055015 0.997702 -1.087700 0.000000 0.000000 0.000000 1.000000
0.998607 0.021192 -0.048320 -0.035900 -0.023738 0.998326 -0.052742 8.068900 0.047121 0.053816 0.997438 -1.087700 0.000000 0.000000 0.000000 1.000000
0.998294 -0.000967 -0.058381 -0.035900 -0.002183 0.998547 -0.053853 8.068900 0.058348 0.053888 0.996841 -1.087700 0.000000 0.000000 0.000000 1.000000
0.997434 -0.021781 -0.068204 -0.035900 0.018083 0.998357 -0.054378 8.068900 0.069276 0.053005 0.996188 -1.087700 0.000000 0.000000 0.000000 1.000000
0.996828 -0.030548 -0.073487 -0.035900 0.026939 0.998406 -0.049603 8.068900 0.074885 0.047466 0.996062 -1.087700 0.000000 0.000000 0.000000 1.000000
0.997077 -0.025925 -0.071871 -0.035900 0.022753 0.998746 -0.044605 8.068900 0.072937 0.042839 0.996416 -1.087700 0.000000 0.000000 0.000000 1.000000
0.997873 -0.019582 -0.062183 -0.035900 0.016910 0.998923 -0.043215 8.068900 0.062962 0.042072 0.997129 -1.087700 0.000000 0.000000 0.000000 1.000000
0.998790 -0.018123 -0.045715 -0.035900 0.016010 0.998805 -0.046181 8.068900 0.046498 0.045393 0.997886 -1.087700 0.000000 0.000000 0.000000 1.000000
0.999476 -0.018865 -0.026308 -0.035900 0.017573 0.998667 -0.048524 8.068900 0.027189 0.048037 0.998475 -1.087700 0.000000 0.000000 0.000000 1.000000
0.999877 -0.011941 -0.010157 -0.035900 0.011377 0.998480 -0.053928 8.068900 0.010785 0.053805 0.998493 -1.087700 0.000000 0.000000 0.000000 1.000000
0.999999 -0.000774 -0.000702 -0.035900 0.000732 0.998250 -0.059135 8.068900 0.000746 0.059134 0.998250 -1.087700 0.000000 0.000000 0.000000 1.000000</float_array>
        <technique_common>
          <accessor source="#Spine2-Matrix-animation-output-transform-array" count="19" stride="16">
            <param type="float4x4"/>
          </accessor>
        </technique_common>
      </source>
      <source id="Spine2-Interpolations">
        <Name_array id="Spine2-Interpolations-array" count="19">
 LINEAR LINEAR LINEAR LINEAR LINEAR LINEAR LINEAR LINEAR LINEAR LINEAR LINEAR
LINEAR LINEAR LINEAR LINEAR LINEAR LINEAR LINEAR LINEAR</Name_array>
        <technique_common>
          <accessor source="#Spine2-Interpolations-array" count="19">
            <param type="name"/>
          </accessor>
        </technique_common>
      </source>
      <sampler id="Spine2-Matrix-animation-transform">
        <input semantic="INPUT" source="#Spine2-Matrix-animation-input"/>
        <input semantic="OUTPUT" source="#Spine2-Matrix-animation-output-transform"/>
        <input semantic="INTERPOLATION" source="#Spine2-Interpolations"/>
      </sampler>
      <channel source="#Spine2-Matrix-animation-transform" target="Spine2/matrix"/>
      <source id="Neck-Matrix-animation-input">
        <float_array id="Neck-Matrix-animation-input-array" count="19">

0.000000 0.033333 0.066667 0.100000 0.133333 0.166667 0.200000 0.233333 0.266667 0.300000 0.333333 0.366667 0.400000 0.433333 0.466667 0.500000
0.533333 0.566667 0.600000</float_array>
        <technique_common>
          <accessor source="#Neck-Matrix-animation-input-array" count="19">
            <param name="TIME" type="float"/>
          </accessor>
        </technique_common>
      </source>
      <source id="Neck-Matrix-animation-output-transform">
        <float_array id="Neck-Matrix-animation-output-transform-array" count="304">

0.981373 -0.110328 0.157276 -0.040300 0.003850 0.829789 0.558065 18.919500 -0.192076 -0.547064 0.814756 -3.736100 0.000000 0.000000 0.000000 1.000000
0.988328 -0.088581 0.123938 -0.040300 -0.003153 0.801495 0.597993 18.919500 -0.152307 -0.591404 0.791861 -3.736100 0.000000 0.000000 0.000000 1.000000
0.992898 -0.101596 0.061896 -0.040300 0.042023 0.786266 0.616458 18.919500 -0.111296 -0.609479 0.784951 -3.736100 0.000000 0.000000 0.000000 1.000000
0.990234 -0.139395 0.002444 -0.040300 0.110330 0.794244 0.597498 18.919500 -0.085230 -0.591394 0.801866 -3.736100 0.000000 0.000000 0.000000 1.000000
0.985220 -0.170152 -0.019743 -0.040300 0.150020 0.801483 0.578894 18.919500 -0.082677 -0.573300 0.815164 -3.736100 0.000000 0.000000 0.000000 1.000000
0.980440 -0.196427 -0.012390 -0.040300 0.165456 0.788485 0.592381 18.919500 -0.106590 -0.582844 0.805563 -3.736100 0.000000 0.000000 0.000000 1.000000
0.975000 -0.221860 0.012352 -0.040300 0.170754 0.783660 0.597261 18.919500 -0.142189 -0.580220 0.801952 -3.736100 0.000000 0.000000 0.000000 1.000000
0.966621 -0.252877 0.041205 -0.040300 0.181670 0.789879 0.585736 18.919500 -0.180666 -0.558699 0.809453 -3.736100 0.000000 0.000000 0.000000 1.000000
0.955330 -0.285719 0.075561 -0.040300 0.190970 0.791916 0.579999 18.919500 -0.225555 -0.539661 0.811105 -3.736100 0.000000 0.000000 0.000000 1.000000
0.941533 -0.310845 0.129964 -0.040300 0.177255 0.785049 0.593531 18.919500 -0.286525 -0.535792 0.794248 -3.736100 0.000000 0.000000 0.000000 1.000000
0.919899 -0.340189 0.195084 -0.040300 0.154531 0.771668 0.616968 18.919500 -0.360425 -0.537402 0.762426 -3.736100 0.000000 0.000000 0.000000 1.000000
0.898150 -0.357237 0.256335 -0.040300 0.138636 0.783340 0.605936 18.919500 -0.417260 -0.508685 0.753083 -3.736100 0.000000 0.000000 0.000000 1.000000
0.895639 -0.326977 0.301526 -0.040300 0.122062 0.832580 0.540289 18.919500 -0.427706 -0.447099 0.785602 -3.736100 0.000000 0.000000 0.000000 1.000000
0.910686 -0.286428 0.297673 -0.040300 0.112311 0.865116 0.488837 18.919500 -0.397538 -0.411745 0.820018 -3.736100 0.000000 0.000000 0.000000 1.000000
0.928685 -0.254788 0.269496 -0.040300 0.102608 0.874810 0.473476 18.919500 -0.356394 -0.412058 0.838565 -3.736100 0.000000 0.000000 0.000000 1.000000
0.941217 -0.234840 0.242820 -0.040300 0.092987 0.871166 0.482102 18.919500 -0.324753 -0.431184 0.841793 -3.736100 0.000000 0.000000 0.000000 1.000000
0.954044 -0.193283 0.229002 -0.040300 0.058562 0.869708 0.490080 18.919500 -0.293889 -0.454147 0.841059 -3.736100 0.000000 0.000000 0.000000 1.000000
0.967804 -0.150371 0.201850 -0.040300 0.023619 0.852650 0.521948 18.919500 -0.250593 -0.500376 0.828750 -3.736100 0.000000 0.000000 0.000000 1.000000
0.981372 -0.110328 0.157276 -0.040300 0.003850 0.829789 0.558065 18.919500 -0.192076 -0.547064 0.814756 -3.736100 0.000000 0.000000 0.000000 1.000000</float_array>
        <technique_common>
          <accessor source="#Neck-Matrix-animation-output-transform-array" count="19" stride="16">
            <param type="float4x4"/>
          </accessor>
        </technique_common>
      </source>
      <source id="Neck-Interpolations">
        <Name_array id="Neck-Interpolations-array" count="19">
 LINEAR LINEAR LINEAR LINEAR LINEAR LINEAR LINEAR LINEAR LINEAR LINEAR LINEAR
LINEAR LINEAR LINEAR LINEAR LINEAR LINEAR LINEAR LINEAR</Name_array>
        <technique_common>
          <accessor source="#Neck-Interpolations-array" count="19">
            <param type="name"/>
          </accessor>
        </technique_common>
      </source>
      <sampler id="Neck-Matrix-animation-transform">
        <input semantic="INPUT" source="#Neck-Matrix-animation-input"/>
        <input semantic="OUTPUT" source="#Neck-Matrix-animation-output-transform"/>
        <input semantic="INTERPOLATION" source="#Neck-Interpolations"/>
      </sampler>
      <channel source="#Neck-Matrix-animation-transform" target="Neck/matrix"/>
      <source id="Head-Matrix-animation-input">
        <float_array id="Head-Matrix-animation-input-array" count="19">

0.000000 0.033333 0.066667 0.100000 0.133333 0.166667 0.200000 0.233333 0.266667 0.300000 0.333333 0.366667 0.400000 0.433333 0.466667 0.500000
0.533333 0.566667 0.600000</float_array>
        <technique_common>
          <accessor source="#Head-Matrix-animation-input-array" count="19">
            <param name="TIME" type="float"/>
          </accessor>
        </technique_common>
      </source>
      <source id="Head-Matrix-animation-output-transform">
        <float_array id="Head-Matrix-animation-output-transform-array" count="304">

0.876912 0.139061 0.460095 0.000000 -0.134006 0.990011 -0.043819 8.673000 -0.461593 -0.023230 0.886788 3.319300 0.000000 0.000000 0.000000 1.000000
0.902388 0.093435 0.420672 0.000000 -0.070704 0.995084 -0.069349 8.673000 -0.425084 0.032836 0.904558 3.319300 0.000000 0.000000 0.000000 1.000000
0.924952 0.062252 0.374951 -0.000000 -0.032820 0.995893 -0.084382 8.673000 -0.378664 0.065744 0.923196 3.319300 0.000000 0.000000 0.000000 1.000000
0.937300 0.064109 0.342578 0.000000 -0.035212 0.995326 -0.089923 8.673000 -0.346741 0.072222 0.935176 3.319300 0.000000 0.000000 0.000000 1.000000
0.939601 0.075631 0.333811 0.000000 -0.042365 0.993480 -0.105845 8.673000 -0.339640 0.085310 0.936679 3.319300 0.000000 0.000000 0.000000 1.000000
0.933401 0.072571 0.351420 0.000000 -0.030343 0.991791 -0.124217 8.673000 -0.357550 0.105281 0.927941 3.319300 0.000000 0.000000 0.000000 1.000000
0.921430 0.049146 0.385422 0.000000 -0.009790 0.994590 -0.103418 8.673000 -0.388420 0.091519 0.916927 3.319300 0.000000 0.000000 0.000000 1.000000
0.906205 0.033277 0.421526 0.000000 -0.008787 0.998165 -0.059908 8.673000 -0.422746 0.050585 0.904835 3.319300 0.000000 0.000000 0.000000 1.000000
0.884005 0.043865 0.465416 -0.000000 -0.032692 0.998951 -0.032056 8.673000 -0.466334 0.013123 0.884512 3.319300 0.000000 0.000000 0.000000 1.000000
0.846159 0.074573 0.527687 0.000000 -0.065016 0.997210 -0.036672 8.673000 -0.528950 -0.003277 0.848647 3.319300 0.000000 0.000000 0.000000 1.000000
0.789332 0.118045 0.602511 0.000000 -0.092834 0.993007 -0.072933 8.673000 -0.606907 0.001634 0.794771 3.319300 0.000000 0.000000 0.000000 1.000000
0.733235 0.163601 0.660001 0.000000 -0.122581 0.986525 -0.108358 8.673000 -0.668835 -0.001452 0.743409 3.319300 0.000000 0.000000 0.000000 1.000000
0.713517 0.189836 0.674430 0.000000 -0.159041 0.981351 -0.107968 8.673000 -0.682349 -0.030225 0.730402 3.319300 0.000000 0.000000 0.000000 1.000000
0.729634 0.196942 0.654865 0.000000 -0.176959 0.979389 -0.097376 8.673000 -0.660545 -0.044835 0.749446 3.319300 0.000000 0.000000 0.000000 1.000000
0.761999 0.187482 0.619845 0.000000 -0.167855 0.981643 -0.090564 8.673000 -0.625445 -0.035034 0.779481 3.319300 0.000000 0.000000 0.000000 1.000000
0.788324 0.177288 0.589164 -0.000000 -0.161586 0.983629 -0.079779 8.673000 -0.593662 -0.032309 0.804066 3.319300 0.000000 0.000000 0.000000 1.000000
0.813093 0.162189 0.559084 0.000000 -0.159611 0.985711 -0.053827 8.673000 -0.559826 -0.045470 0.827362 3.319300 0.000000 0.000000 0.000000 1.000000
0.843416 0.148004 0.516473 0.000000 -0.150565 0.987899 -0.037222 8.673000 -0.515732 -0.046369 0.855494 3.319300 0.000000 0.000000 0.000000 1.000000
0.876912 0.139061 0.460095 0.000000 -0.134006 0.990011 -0.043819 8.673000 -0.461593 -0.023230 0.886788 3.319300 0.000000 0.000000 0.000000 1.000000</float_array>
        <technique_common>
          <accessor source="#Head-Matrix-animation-output-transform-array" count="19" stride="16">
            <param type="float4x4"/>
          </accessor>
        </technique_common>
      </source>
      <source id="Head-Interpolations">
        <Name_array id="Head-Interpolations-array" count="19">
 LINEAR LINEAR LINEAR LINEAR LINEAR LINEAR LINEAR LINEAR LINEAR LINEAR LINEAR
LINEAR LINEAR LINEAR LINEAR LINEAR LINEAR LINEAR LINEAR</Name_array>
        <technique_common>
          <accessor source="#Head-Interpolations-array" count="19">
            <param type="name"/>
          </accessor>
        </technique_common>
      </source>
      <sampler id="Head-Matrix-animation-transform">
        <input semantic="INPUT" source="#Head-Matrix-animation-input"/>
        <input semantic="OUTPUT" source="#Head-Matrix-animation-output-transform"/>
        <input semantic="INTERPOLATION" source="#Head-Interpolations"/>
      </sampler>
      <channel source="#Head-Matrix-animation-transform" target="Head/matrix"/>
      <source id="RightShoulder-Matrix-animation-input">
        <float_array id="RightShoulder-Matrix-animation-input-array" count="19">

0.000000 0.033333 0.066667 0.100000 0.133333 0.166667 0.200000 0.233333 0.266667 0.300000 0.333333 0.366667 0.400000 0.433333 0.466667 0.500000
0.533333 0.566667 0.600000</float_array>
        <technique_common>
          <accessor source="#RightShoulder-Matrix-animation-input-array" count="19">
            <param name="TIME" type="float"/>
          </accessor>
        </technique_common>
      </source>
      <source id="RightShoulder-Matrix-animation-output-transform">
        <float_array id="RightShoulder-Matrix-animation-output-transform-array" count="304">

0.967015 -0.199059 0.158925 -6.576700 0.202948 0.979153 -0.008457 15.024500 -0.153929 0.040432 0.987254 -2.119600 0.000000 0.000000 0.000000 1.000000
0.971872 -0.166122 0.166940 -6.576700 0.170172 0.985362 -0.010157 15.024500 -0.162809 0.038280 0.985915 -2.119600 0.000000 0.000000 0.000000 1.000000
0.974069 -0.166514 0.153176 -6.576700 0.170049 0.985383 -0.010177 15.024500 -0.149243 0.035961 0.988146 -2.119600 0.000000 0.000000 0.000000 1.000000
0.970431 -0.198099 0.137914 -6.576700 0.201211 0.979508 -0.008864 15.024500 -0.133332 0.036351 0.990405 -2.119600 0.000000 0.000000 0.000000 1.000000
0.963162 -0.236074 0.128794 -6.576700 0.239003 0.970990 -0.007552 15.024500 -0.123275 0.038056 0.991643 -2.119600 0.000000 0.000000 0.000000 1.000000
0.958627 -0.260670 0.114389 -6.576700 0.263183 0.964719 -0.007175 15.024500 -0.108483 0.036984 0.993410 -2.119600 0.000000 0.000000 0.000000 1.000000
0.956020 -0.278318 0.092547 -6.576700 0.280187 0.959915 -0.007593 15.024500 -0.086724 0.033189 0.995679 -2.119600 0.000000 0.000000 0.000000 1.000000
0.957596 -0.280635 0.065226 -6.576700 0.281766 0.959444 -0.008661 15.024500 -0.060150 0.026673 0.997833 -2.119600 0.000000 0.000000 0.000000 1.000000
0.961310 -0.271644 0.045739 -6.576700 0.272325 0.962161 -0.009259 15.024500 -0.041493 0.021356 0.998911 -2.119600 0.000000 0.000000 0.000000 1.000000
0.960685 -0.274113 0.044118 -6.576700 0.274755 0.961471 -0.009096 15.024500 -0.039925 0.020860 0.998985 -2.119600 0.000000 0.000000 0.000000 1.000000
0.956423 -0.286824 0.054648 -6.576700 0.287687 0.957687 -0.008474 15.024500 -0.049905 0.023827 0.998470 -2.119600 0.000000 0.000000 0.000000 1.000000
0.956322 -0.285922 0.060807 -6.576700 0.286909 0.957924 -0.007995 15.024500 -0.055963 0.025092 0.998117 -2.119600 0.000000 0.000000 0.000000 1.000000
0.965432 -0.256368 0.047070 -6.576700 0.257018 0.966372 -0.008199 15.024500 -0.043386 0.020013 0.998858 -2.119600 0.000000 0.000000 0.000000 1.000000
0.975942 -0.217139 0.019693 -6.576700 0.217326 0.976068 -0.007845 15.024500 -0.017519 0.011936 0.999775 -2.119600 0.000000 0.000000 0.000000 1.000000
0.977804 -0.209198 0.011641 -6.576700 0.209291 0.977826 -0.007378 15.024500 -0.009839 0.009650 0.999905 -2.119600 0.000000 0.000000 0.000000 1.000000
0.972584 -0.228635 0.042500 -6.576700 0.229142 0.973365 -0.007402 15.024500 -0.039676 0.016937 0.999069 -2.119600 0.000000 0.000000 0.000000 1.000000
0.966621 -0.237789 0.095398 -6.576700 0.239512 0.970869 -0.006872 15.024500 -0.090985 0.029492 0.995415 -2.119600 0.000000 0.000000 0.000000 1.000000
0.964544 -0.223378 0.140562 -6.576700 0.226597 0.973963 -0.007122 15.024500 -0.135311 0.038720 0.990046 -2.119600 0.000000 0.000000 0.000000 1.000000
0.967015 -0.199059 0.158925 -6.576700 0.202948 0.979153 -0.008457 15.024500 -0.153929 0.040432 0.987254 -2.119600 0.000000 0.000000 0.000000 1.000000</float_array>
        <technique_common>
          <accessor source="#RightShoulder-Matrix-animation-output-transform-array" count="19" stride="16">
            <param type="float4x4"/>
          </accessor>
        </technique_common>
      </source>
      <source id="RightShoulder-Interpolations">
        <Name_array id="RightShoulder-Interpolations-array" count="19">
 LINEAR LINEAR LINEAR LINEAR LINEAR LINEAR LINEAR LINEAR LINEAR LINEAR LINEAR
LINEAR LINEAR LINEAR LINEAR LINEAR LINEAR LINEAR LINEAR</Name_array>
        <technique_common>
          <accessor source="#RightShoulder-Interpolations-array" count="19">
            <param type="name"/>
          </accessor>
        </technique_common>
      </source>
      <sampler id="RightShoulder-Matrix-animation-transform">
        <input semantic="INPUT" source="#RightShoulder-Matrix-animation-input"/>
        <input semantic="OUTPUT" source="#RightShoulder-Matrix-animation-output-transform"/>
        <input semantic="INTERPOLATION" source="#RightShoulder-Interpolations"/>
      </sampler>
      <channel source="#RightShoulder-Matrix-animation-transform" target="RightShoulder/matrix"/>
      <source id="RightArm-Matrix-animation-input">
        <float_array id="RightArm-Matrix-animation-input-array" count="19">

0.000000 0.033333 0.066667 0.100000 0.133333 0.166667 0.200000 0.233333 0.266667 0.300000 0.333333 0.366667 0.400000 0.433333 0.466667 0.500000
0.533333 0.566667 0.600000</float_array>
        <technique_common>
          <accessor source="#RightArm-Matrix-animation-input-array" count="19">
            <param name="TIME" type="float"/>
          </accessor>
        </technique_common>
      </source>
      <source id="RightArm-Matrix-animation-output-transform">
        <float_array id="RightArm-Matrix-animation-output-transform-array" count="304">

0.655241 -0.750458 0.086446 -8.685000 0.426726 0.462132 0.777392 -1.766200 -0.623350 -0.472490 0.623047 -2.569600 0.000000 0.000000 0.000000 1.000000
0.664446 -0.736080 0.129217 -8.685000 0.366075 0.471310 0.802406 -1.766200 -0.651537 -0.485853 0.582621 -2.569600 0.000000 0.000000 0.000000 1.000000
0.651288 -0.752632 0.096791 -8.685000 0.376767 0.431450 0.819694 -1.766200 -0.658688 -0.497389 0.564565 -2.569600 0.000000 0.000000 0.000000 1.000000
0.641047 -0.766617 0.036821 -8.685000 0.419622 0.390251 0.819525 -1.766200 -0.642632 -0.509904 0.571859 -2.569600 0.000000 0.000000 0.000000 1.000000
0.641818 -0.766856 0.001395 -8.685000 0.451442 0.379302 0.807670 -1.766200 -0.619895 -0.517747 0.589634 -2.569600 0.000000 0.000000 0.000000 1.000000
0.632162 -0.774689 -0.015103 -8.685000 0.473628 0.370916 0.798810 -1.766200 -0.613227 -0.512131 0.601394 -2.569600 0.000000 0.000000 0.000000 1.000000
0.639319 -0.768847 -0.012104 -8.685000 0.476423 0.383706 0.791069 -1.766200 -0.603567 -0.511512 0.611607 -2.569600 0.000000 0.000000 0.000000 1.000000
0.662393 -0.749081 -0.010684 -8.685000 0.483371 0.416451 0.770014 -1.766200 -0.572353 -0.515216 0.637938 -2.569600 0.000000 0.000000 0.000000 1.000000
0.682188 -0.731139 -0.007398 -8.685000 0.487222 0.447011 0.750198 -1.766200 -0.545192 -0.515380 0.661172 -2.569600 0.000000 0.000000 0.000000 1.000000
0.720770 -0.691048 0.054246 -8.685000 0.430753 0.507841 0.746022 -1.766200 -0.543086 -0.514344 0.663708 -2.569600 0.000000 0.000000 0.000000 1.000000
0.758006 -0.628244 0.175318 -8.685000 0.323394 0.595425 0.735450 -1.766200 -0.566430 -0.500778 0.654506 -2.569600 0.000000 0.000000 0.000000 1.000000
0.767785 -0.561492 0.308598 -8.685000 0.224042 0.686530 0.691724 -1.766200 -0.600259 -0.461957 0.652905 -2.569600 0.000000 0.000000 0.000000 1.000000
0.752224 -0.536535 0.382478 -8.685000 0.200612 0.739404 0.642679 -1.766200 -0.627626 -0.406708 0.663833 -2.569600 0.000000 0.000000 0.000000 1.000000
0.704792 -0.618677 0.347143 -8.685000 0.300577 0.703667 0.643822 -1.766200 -0.642591 -0.349417 0.681898 -2.569600 0.000000 0.000000 0.000000 1.000000
0.664327 -0.701164 0.258918 -8.685000 0.402690 0.627584 0.666318 -1.766200 -0.629691 -0.338389 0.699273 -2.569600 0.000000 0.000000 0.000000 1.000000
0.650756 -0.738082 0.178192 -8.685000 0.451892 0.565077 0.690276 -1.766200 -0.610172 -0.368678 0.701261 -2.569600 0.000000 0.000000 0.000000 1.000000
0.670173 -0.724564 0.160858 -8.685000 0.439286 0.561918 0.700911 -1.766200 -0.598244 -0.399069 0.694873 -2.569600 0.000000 0.000000 0.000000 1.000000
0.669996 -0.729628 0.136925 -8.685000 0.429654 0.531529 0.729982 -1.766200 -0.605395 -0.430255 0.669610 -2.569600 0.000000 0.000000 0.000000 1.000000
0.655246 -0.750454 0.086437 -8.685000 0.426726 0.462128 0.777395 -1.766200 -0.623344 -0.472500 0.623045 -2.569600 0.000000 0.000000 0.000000 1.000000</float_array>
        <technique_common>
          <accessor source="#RightArm-Matrix-animation-output-transform-array" count="19" stride="16">
            <param type="float4x4"/>
          </accessor>
        </technique_common>
      </source>
      <source id="RightArm-Interpolations">
        <Name_array id="RightArm-Interpolations-array" count="19">
 LINEAR LINEAR LINEAR LINEAR LINEAR LINEAR LINEAR LINEAR LINEAR LINEAR LINEAR
LINEAR LINEAR LINEAR LINEAR LINEAR LINEAR LINEAR LINEAR</Name_array>
        <technique_common>
          <accessor source="#RightArm-Interpolations-array" count="19">
            <param type="name"/>
          </accessor>
        </technique_common>
      </source>
      <sampler id="RightArm-Matrix-animation-transform">
        <input semantic="INPUT" source="#RightArm-Matrix-animation-input"/>
        <input semantic="OUTPUT" source="#RightArm-Matrix-animation-output-transform"/>
        <input semantic="INTERPOLATION" source="#RightArm-Interpolations"/>
      </sampler>
      <channel source="#RightArm-Matrix-animation-transform" target="RightArm/matrix"/>
      <source id="RightForeArm-Matrix-animation-input">
        <float_array id="RightForeArm-Matrix-animation-input-array" count="19">

0.000000 0.033333 0.066667 0.100000 0.133333 0.166667 0.200000 0.233333 0.266667 0.300000 0.333333 0.366667 0.400000 0.433333 0.466667 0.500000
0.533333 0.566667 0.600000</float_array>
        <technique_common>
          <accessor source="#RightForeArm-Matrix-animation-input-array" count="19">
            <param name="TIME" type="float"/>
          </accessor>
        </technique_common>
      </source>
      <source id="RightForeArm-Matrix-animation-output-transform">
        <float_array id="RightForeArm-Matrix-animation-output-transform-array" count="304">

-0.214518 -0.384574 0.897822 -24.573900 0.000896 0.919144 0.393921 -0.000100 -0.976720 0.085308 -0.196828 0.000000 0.000000 0.000000 0.000000 1.000000
-0.211722 -0.354039 0.910950 -24.573900 -0.007455 0.932638 0.360736 -0.000100 -0.977301 0.069584 -0.200100 0.000000 0.000000 0.000000 0.000000 1.000000
-0.197800 -0.336997 0.920493 -24.573900 -0.025649 0.940504 0.338812 -0.000100 -0.979907 0.043408 -0.194676 0.000000 0.000000 0.000000 0.000000 1.000000
-0.170068 -0.341272 0.924451 -24.573900 -0.044938 0.939827 0.338681 -0.000100 -0.984407 0.016056 -0.175171 0.000000 0.000000 0.000000 0.000000 1.000000
-0.129374 -0.364510 0.922169 -24.573900 -0.056848 0.931181 0.360097 -0.000100 -0.989965 -0.005837 -0.141193 -0.000000 0.000000 0.000000 0.000000 1.000000
-0.111636 -0.405351 0.907319 -24.573900 -0.071260 0.913941 0.399541 -0.000100 -0.991191 -0.020052 -0.130914 0.000000 0.000000 0.000000 0.000000 1.000000
-0.128524 -0.458911 0.879137 -24.573900 -0.080972 0.888386 0.451901 -0.000100 -0.988395 -0.013105 -0.151338 0.000000 0.000000 0.000000 0.000000 1.000000
-0.157799 -0.520551 0.839122 -24.573900 -0.076772 0.853664 0.515135 -0.000100 -0.984482 0.016866 -0.174671 0.000000 0.000000 0.000000 0.000000 1.000000
-0.183220 -0.602956 0.776450 -24.573900 -0.060029 0.795208 0.603357 -0.000100 -0.981237 0.063937 -0.181893 -0.000000 0.000000 0.000000 0.000000 1.000000
-0.192289 -0.684391 0.703302 -24.573900 -0.039842 0.721530 0.691236 -0.000100 -0.980529 0.104896 -0.166010 0.000000 0.000000 0.000000 0.000000 1.000000
-0.168317 -0.748008 0.641991 -24.573900 -0.024973 0.654310 0.755814 -0.000100 -0.985417 0.111184 -0.128812 0.000000 0.000000 0.000000 0.000000 1.000000
-0.116116 -0.786656 0.606374 -24.573900 -0.022125 0.612401 0.790238 -0.000100 -0.992989 0.078343 -0.088514 0.000000 0.000000 0.000000 0.000000 1.000000
-0.069366 -0.785683 0.614729 -24.573900 -0.026631 0.617452 0.786158 -0.000100 -0.997236 0.038162 -0.063753 0.000000 0.000000 0.000000 0.000000 1.000000
